1000
256 463
145 476
95 34
425 85
82 262
87 436
415 12
308 324
382 421
101 296
437 16
46 462
368 419
479 40
78 58
104 223
6 468
252 376
178 154
116 108
337 222
161 336
395 243
25 284
48 444
221 173
156 36
337 269
120 220
232 69
249 478
423 3
303 486
485 139
281 15
341 13
457 163
173 247
334 275
118 150
84 354
300 319
136 339
442 426
139 143
411 108
262 248
173 245
483 386
480 397
180 479
217 322
295 275
475 3
479 115
332 360
335 361
55 482
279 409
5 100
3 19
293 341
325 12
440 196
418 299
268 121
425 147
223 65
439 389
172 120
207 272
435 81
230 53
122 484
293 0
149 348
331 190
429 212
317 329
301 285
45 354
64 330
295 296
485 27
198 196
250 13
302 65
321 424
24 151
34 188
145 264
127 302
447 47
128 149
125 51
486 422
70 420
410 235
161 269
139 466
449 498
97 207
209 382
397 64
248 441
426 365
133 273
66 478
481 24
10 291
24 208
222 224
498 68
418 151
350 464
197 458
304 209
374 194
229 476
268 157
71 95
4 55
240 125
167 286
370 413
39 436
290 474
306 461
418 431
348 116
312 281
107 450
388 431
191 454
493 264
263 151
490 228
313 379
266 382
319 43
258 290
26 353
386 140
449 174
42 173
271 466
136 91
5 34
441 312
435 424
76 349
173 164
406 21
15 99
470 488
110 252
388 208
144 25
257 232
71 243
484 402
240 259
365 306
210 283
178 47
39 212
163 233
445 70
150 384
423 381
271 226
130 12
120 71
343 108
345 317
441 24
76 101
235 191
336 69
425 161
391 30
377 340
51 163
203 50
249 443
467 287
20 424
260 481
157 466
463 238
140 496
487 289
159 411
45 245
142 186
260 422
342 331
213 326
302 288
411 333
315 448
41 284
434 307
12 369
244 253
233 391
111 39
235 360
420 201
452 348
245 269
69 359
264 472
174 173
484 480
35 383
33 315
328 461
471 255
302 5
218 361
72 241
445 351
207 219
422 148
219 7
75 252
19 43
352 239
259 276
351 321
118 433
425 445
128 52
43 468
248 403
446 52
395 419
25 48
465 492
55 86
142 55
196 437
167 491
406 448
220 476
98 164
142 285
203 481
275 83
238 77
320 39
287 40
438 309
479 358
92 436
37 385
464 365
9 205
463 328
298 280
3 65
402 205
184 420
227 309
211 56
327 2
155 377
229 337
444 364
142 325
366 457
159 49
77 272
141 42
90 251
425 237
2 281
374 153
355 98
210 167
457 441
335 246
474 222
291 52
47 239
6 90
373 486
322 278
495 192
236 101
325 264
130 173
103 117
430 328
401 158
119 165
298 137
245 306
469 50
288 488
219 218
147 25
60 231
160 36
59 309
165 173
158 452
267 41
472 489
74 450
415 60
84 48
150 365
160 185
291 209
329 145
485 36
98 1
385 499
328 81
6 474
334 67
125 184
388 382
457 134
437 87
355 242
195 134
74 442
429 412
23 102
423 354
80 322
137 185
92 217
273 476
165 196
52 418
279 328
35 416
367 338
494 450
206 422
100 39
344 326
337 144
120 13
420 340
199 439
459 195
11 239
312 159
334 90
335 334
60 190
83 375
231 449
336 132
457 80
168 328
69 193
8 294
353 408
185 31
428 461
391 336
457 110
231 417
59 199
243 20
348 189
238 263
182 428
435 119
214 189
60 107
10 393
402 87
372 394
218 180
434 184
88 397
455 277
232 302
279 137
464 443
26 256
97 274
321 331
422 13
444 428
441 121
113 195
240 343
20 175
318 448
350 429
128 15
482 382
492 416
388 397
421 128
49 315
162 400
156 390
181 407
492 317
132 419
287 208
19 269
321 433
104 373
411 369
372 332
205 211
244 30
223 466
60 452
74 255
459 4
119 3
22 161
373 6
344 83
481 420
242 204
298 340
324 446
182 119
487 288
367 288
28 23
471 381
66 131
274 89
223 355
375 459
281 64
257 357
400 297
94 474
60 304
455 18
228 407
272 85
85 245
70 252
260 467
185 31
222 22
82 406
489 416
175 126
13 305
248 365
57 362
21 199
122 400
346 426
356 132
155 35
224 49
156 376
194 344
9 148
249 129
65 174
353 429
116 272
169 372
255 7
55 81
267 322
44 414
73 99
261 42
478 3
369 232
179 34
24 493
235 87
400 274
419 332
228 424
90 106
409 20
297 303
415 413
104 85
133 140
240 341
2 110
479 412
371 164
412 149
177 316
91 418
151 417
439 358
424 434
129 330
157 317
209 287
225 234
280 423
205 183
262 493
340 1
40 249
453 497
59 9
454 227
283 239
291 421
113 92
365 352
325 14
285 402
364 494
371 144
399 123
427 200
283 159
394 363
256 158
355 463
280 115
107 113
240 395
449 276
293 310
191 163
497 54
400 401
498 290
385 333
170 88
146 265
199 9
219 451
282 128
219 239
406 432
439 249
152 194
197 446
104 210
447 79
84 389
304 199
188 82
297 36
304 58
422 446
250 361
155 310
22 203
478 7
229 364
216 54
55 204
123 176
121 30
165 416
342 352
300 490
480 255
238 285
260 200
63 129
181 478
8 447
440 360
216 446
144 87
500 70
95 485
192 211
180 231
265 76
427 323
484 432
201 80
333 471
354 306
221 471
274 45
460 493
14 175
429 381
84 469
382 443
68 315
344 22
219 335
368 277
90 337
191 381
422 59
362 28
406 443
195 394
202 169
209 316
100 305
71 330
479 381
61 334
355 324
200 397
342 494
322 473
446 417
312 211
500 461
378 290
424 256
64 179
108 182
171 141
207 59
393 183
280 412
309 347
212 111
40 326
438 398
248 466
373 107
347 217
309 478
386 185
54 262
211 185
290 116
330 199
315 31
295 304
235 310
419 384
65 381
60 233
221 463
374 186
435 10
8 137
5 484
279 25
172 475
80 468
406 185
217 411
396 460
4 401
471 2
259 143
441 217
349 153
215 172
469 31
440 443
84 165
271 137
4 297
328 443
398 468
465 320
117 229
14 182
355 172
256 235
420 227
427 261
32 429
222 219
358 155
214 393
62 123
362 303
468 450
366 289
436 439
380 330
273 84
365 248
348 338
7 111
205 167
42 400
285 2
240 234
486 83
309 221
37 271
214 313
226 449
456 194
62 122
372 25
37 166
458 256
431 229
35 139
73 436
236 407
333 411
367 179
447 116
129 173
214 349
458 153
15 400
68 401
26 224
176 124
355 225
7 485
229 437
76 200
71 85
76 146
387 38
459 244
269 309
165 482
301 278
111 230
299 373
462 410
418 367
140 91
408 397
456 226
79 332
335 438
285 49
63 273
399 472
497 62
285 473
344 186
407 260
292 450
420 38
71 148
90 125
488 449
247 286
268 411
471 253
499 348
198 281
137 295
76 24
91 2
180 35
357 495
133 441
443 376
491 185
10 468
361 498
462 423
104 265
481 151
333 204
442 362
219 122
279 105
500 335
266 140
97 127
119 483
197 444
388 235
294 152
281 456
199 477
257 317
38 58
157 298
191 92
174 193
484 206
399 375
290 263
398 100
185 403
42 50
88 452
81 189
482 458
62 461
177 178
327 33
232 39
462 402
165 430
216 400
145 37
30 389
216 473
230 336
361 211
111 199
497 5
117 291
380 20
5 300
63 405
397 130
40 83
390 209
13 341
47 137
310 167
4 140
355 336
318 463
169 270
438 119
245 378
446 408
345 490
309 278
208 389
410 60
477 242
394 337
370 373
189 435
186 133
472 37
311 438
361 141
263 316
225 23
34 457
321 455
359 332
204 296
42 86
263 76
330 85
382 394
455 480
127 230
202 41
349 96
135 260
347 378
86 381
388 264
50 51
16 2
422 484
388 333
56 264
398 446
140 444
270 85
164 77
459 15
425 400
462 303
38 193
76 293
32 69
338 477
319 443
84 283
411 258
422 116
404 93
217 448
34 195
133 388
101 112
421 384
209 334
139 128
290 378
47 494
171 166
3 473
43 181
498 114
302 422
211 159
458 263
222 480
91 151
4 63
414 50
325 375
21 304
33 341
24 18
222 11
210 343
292 158
46 112
33 224
101 425
148 310
176 362
88 228
263 419
486 408
359 299
185 225
219 395
193 124
217 497
492 285
73 249
317 101
461 84
342 145
347 333
362 203
336 481
243 254
476 28
496 366
302 35
234 115
459 260
75 408
40 241
136 88
457 109
115 375
245 118
114 323
441 240
324 82
238 243
428 146
193 113
375 329
300 457
3 486
200 253
124 55
186 209
26 117
463 397
73 191
334 85
275 421
2 483
480 365
236 157
20 27
194 497
248 358
434 70
214 46
4 276
329 257
92 320
257 199
204 145
444 387
169 465
259 211
231 407
476 32
107 412
213 323
128 260
49 76
363 362
121 183
369 470
7 256
109 64
362 122
235 332
174 191
38 303
372 452
331 233
169 217
500 332
87 203
400 141
64 35
173 479
439 37
220 430
45 218
127 404
182 107
12 447
442 183
259 430
118 168
