1500
439 394
495 138
22 128
275 234
313 40
26 378
195 296
284 420
173 213
293 359
126 405
189 319
41 346
115 80
440 53
90 169
139 354
362 353
11 347
43 118
354 254
447 170
327 382
305 304
357 178
345 458
429 377
344 455
126 47
216 22
260 17
237 291
248 173
118 153
66 314
395 200
48 475
46 107
206 54
25 420
479 133
156 258
87 61
416 111
43 453
306 206
460 172
167 69
341 335
133 375
498 461
20 296
486 390
147 281
477 18
215 39
320 6
342 107
258 48
232 48
5 94
212 240
99 240
386 334
133 71
441 206
98 42
430 425
211 22
44 225
32 221
237 47
267 71
387 422
497 140
456 219
336 459
321 500
406 166
146 85
179 199
398 36
399 406
154 106
400 126
118 247
44 45
77 170
317 301
137 249
347 225
45 449
475 455
217 338
72 46
194 472
244 478
212 22
190 391
142 232
396 161
441 276
372 230
104 253
376 87
458 242
348 351
164 69
421 132
238 327
53 428
354 382
131 463
234 13
145 61
131 258
28 349
353 166
170 459
225 1
59 270
407 79
412 254
6 51
347 172
286 242
282 247
64 82
374 16
220 167
381 148
247 334
167 468
304 270
497 75
5 306
10 360
40 494
430 284
143 291
9 374
397 78
381 31
390 81
486 98
449 122
440 181
456 282
31 25
347 81
326 333
411 64
68 260
294 488
92 114
433 264
346 323
228 7
38 280
116 259
211 32
219 416
307 408
246 288
22 418
440 383
308 87
152 264
341 353
101 377
162 424
240 272
403 28
233 412
336 184
265 144
49 335
454 178
366 350
480 166
77 433
88 370
363 96
383 498
79 306
191 61
406 302
335 432
247 492
463 97
214 343
222 288
47 304
470 365
120 472
230 220
497 153
146 81
316 474
69 65
410 322
81 115
294 50
145 416
332 150
22 248
11 92
200 196
12 93
305 98
476 489
156 408
295 268
88 245
175 291
6 386
94 337
445 154
455 177
388 387
17 67
238 13
366 306
131 32
63 45
154 462
112 50
414 119
468 307
215 79
306 234
160 0
68 139
483 184
113 351
473 155
149 316
405 134
366 399
451 334
318 314
207 42
195 56
28 18
88 34
131 227
242 148
55 266
340 442
352 34
473 382
260 257
324 217
203 476
340 232
54 455
100 48
393 277
388 443
280 431
185 36
249 306
421 88
131 357
76 339
490 356
260 118
248 375
307 162
204 228
240 43
185 299
232 483
371 497
333 102
166 204
3 373
36 452
53 493
149 160
257 175
107 480
144 345
282 166
21 221
241 203
407 286
382 442
85 290
99 462
265 409
91 29
344 123
406 381
285 46
303 43
46 242
440 440
127 113
12 17
30 160
397 223
278 416
143 491
207 313
233 309
430 1
395 446
391 257
389 329
154 2
375 238
440 95
123 96
469 301
248 212
273 400
11 236
25 438
480 44
399 109
203 269
120 221
321 151
373 460
17 352
272 13
328 261
53 499
357 100
485 202
118 25
369 272
496 193
114 1
232 408
154 354
300 33
406 101
429 19
259 321
344 167
256 253
360 208
156 296
440 205
51 57
70 389
290 2
488 115
363 170
257 172
490 486
83 151
389 3
129 91
156 83
232 390
386 137
388 364
449 195
420 203
237 313
400 19
117 145
444 101
30 296
299 270
258 395
115 243
119 1
207 325
447 13
395 434
282 411
121 196
252 255
325 470
38 200
335 360
370 180
191 492
154 468
109 341
144 399
439 490
278 67
384 245
241 374
456 176
279 439
394 1
219 362
304 185
499 350
92 47
125 31
78 246
29 255
361 294
273 197
430 302
131 291
211 211
344 47
372 31
314 131
65 78
154 228
371 162
152 407
299 179
498 22
207 383
478 202
19 167
184 195
248 51
337 263
336 63
225 88
407 362
313 345
102 5
108 172
84 202
329 150
141 191
420 391
82 231
478 292
23 287
465 278
398 88
358 480
218 334
45 203
342 119
434 409
364 320
436 142
404 345
161 259
287 488
234 225
291 364
87 467
496 426
45 131
285 63
254 339
271 412
221 148
20 232
475 65
109 190
288 269
5 438
101 118
249 184
38 35
304 132
4 299
25 267
273 257
464 259
118 450
463 179
90 192
2 376
396 100
452 436
339 389
145 387
175 334
459 330
429 272
346 452
475 245
476 400
247 105
445 374
20 346
362 54
126 223
406 450
254 291
153 349
449 475
0 336
75 367
26 72
392 203
437 248
95 439
66 496
5 369
257 307
242 195
78 322
109 427
0 395
424 271
388 147
151 112
324 436
122 90
19 343
6 283
396 399
190 317
81 159
2 448
318 290
257 480
225 180
191 420
88 174
423 276
164 466
339 31
2 173
240 447
290 15
85 73
400 108
431 177
365 211
82 81
258 169
99 465
63 451
285 175
492 310
145 361
320 302
369 217
449 243
458 10
346 200
300 468
493 282
313 393
18 8
77 277
34 124
326 97
223 289
165 121
304 450
496 43
150 169
443 385
0 352
469 308
163 421
223 82
382 475
62 98
20 241
350 107
265 340
384 242
83 89
6 393
125 418
265 382
209 389
93 97
336 144
181 132
275 32
210 326
468 284
276 354
402 291
314 392
244 85
341 480
481 387
386 72
123 48
463 89
143 141
464 373
97 408
209 261
72 90
476 103
17 321
34 198
280 277
188 289
158 126
273 450
140 110
200 269
297 193
306 85
19 493
183 178
302 440
5 321
193 488
494 365
11 266
76 285
427 208
371 5
203 313
8 2
341 12
352 61
175 141
269 13
458 312
425 293
475 150
72 242
455 466
404 110
96 180
378 147
333 219
13 222
441 337
369 142
370 185
456 438
69 241
66 327
265 458
92 266
489 358
491 155
203 112
388 382
328 156
307 474
484 421
463 224
118 167
357 402
366 334
18 380
4 186
134 66
477 213
436 132
257 358
155 491
120 239
149 212
315 52
386 151
335 163
224 25
463 466
211 385
398 348
263 388
116 484
240 488
315 321
140 368
113 228
155 145
123 368
296 8
323 360
400 500
345 133
273 286
82 296
161 137
257 120
365 257
342 106
69 244
245 68
343 114
126 135
230 25
435 22
227 136
423 173
388 401
301 8
119 365
313 492
248 422
94 305
269 423
404 498
450 428
297 336
438 305
15 378
301 99
384 222
368 345
126 53
216 44
332 339
49 245
261 122
245 276
174 20
24 187
175 319
153 432
336 426
74 219
448 266
214 459
50 107
263 399
246 439
465 433
224 5
500 37
470 458
33 44
162 319
456 491
261 244
183 84
184 108
466 264
428 487
70 491
111 259
160 406
33 169
172 459
104 24
366 186
18 69
31 494
344 314
343 134
59 5
247 238
254 227
476 452
169 198
93 352
327 39
402 398
178 244
408 1
462 166
358 232
466 215
286 193
384 488
276 240
34 101
233 338
208 145
235 473
107 445
348 287
281 202
39 40
6 388
10 262
283 66
357 254
261 435
39 7
324 164
336 444
303 406
242 23
225 260
465 293
267 292
232 52
377 391
416 268
361 343
79 220
368 17
260 292
127 168
387 362
400 479
460 418
456 469
388 50
39 164
108 225
298 349
485 125
151 438
159 19
316 30
318 320
10 90
366 231
83 339
6 318
421 188
259 391
91 192
77 11
31 341
89 157
148 92
483 13
379 324
447 387
294 365
351 64
346 194
219 421
252 418
443 401
130 425
497 408
32 176
436 24
442 156
251 132
267 179
281 284
441 228
228 165
409 280
267 47
411 122
218 173
283 269
434 494
203 386
7 392
479 456
162 429
33 67
420 287
75 293
275 189
13 148
105 469
227 202
52 121
453 102
20 474
245 53
34 366
26 31
146 498
441 225
456 77
348 454
205 246
80 271
187 383
338 431
158 30
385 428
361 358
489 149
249 254
79 65
101 402
218 471
491 84
337 128
158 20
355 162
26 7
32 385
275 490
375 343
258 145
21 466
267 459
199 400
287 325
490 73
419 363
153 109
169 183
463 48
115 273
68 97
129 107
407 73
14 270
58 157
12 461
455 287
302 25
234 22
228 280
244 203
298 65
375 361
7 200
380 471
339 403
391 437
480 278
447 357
326 377
342 234
279 214
331 150
14 179
296 486
164 24
360 76
475 34
195 485
35 402
136 28
392 63
54 135
426 425
17 383
340 228
469 26
385 45
352 355
262 80
484 420
98 334
51 482
454 177
406 149
392 310
216 286
400 322
231 74
404 168
363 250
329 332
497 164
249 495
158 131
63 334
315 110
131 250
62 286
183 467
51 359
317 88
45 408
189 190
358 90
389 452
131 162
268 30
160 374
224 429
0 417
143 395
494 227
446 143
436 347
442 319
185 131
487 114
209 335
83 81
328 438
164 232
416 363
275 437
477 6
293 431
6 211
428 375
472 445
240 142
169 16
53 281
315 420
208 242
376 102
478 484
305 58
226 207
158 297
317 500
481 303
481 177
280 22
63 437
75 395
353 228
110 121
383 367
499 188
473 90
83 444
44 296
45 365
11 499
232 50
37 148
91 270
305 5
372 343
158 200
469 269
479 253
164 353
20 293
46 90
359 468
323 61
362 184
109 225
191 247
487 388
314 333
86 306
449 499
120 18
66 425
219 124
67 311
139 71
381 280
329 472
152 327
41 195
263 235
301 179
343 81
402 202
499 437
340 261
451 432
292 379
208 33
51 137
393 445
36 341
179 335
296 171
415 160
1 235
353 248
5 267
398 247
357 124
62 234
486 426
410 467
199 385
203 223
15 440
162 373
438 289
52 178
347 222
190 307
148 227
362 269
46 183
192 240
223 434
250 169
243 142
110 42
7 451
347 438
101 65
430 285
330 265
150 324
431 460
431 471
22 70
466 388
213 477
154 246
320 272
236 213
368 319
259 454
407 481
391 454
239 394
152 9
374 188
296 428
80 138
365 269
275 84
137 386
30 55
116 333
317 465
85 489
70 276
453 94
118 100
135 31
281 299
290 284
314 112
288 247
156 482
177 463
208 480
495 195
247 188
40 481
457 331
403 309
214 139
422 458
120 73
475 156
238 79
338 372
364 334
470 107
315 441
202 197
107 194
440 68
290 139
122 244
366 366
376 166
305 186
355 44
263 336
398 467
483 379
248 265
499 39
474 418
378 22
44 122
261 215
248 32
94 330
19 165
64 434
281 65
406 311
76 370
66 353
195 19
432 316
471 381
253 96
368 402
137 403
157 4
153 10
334 26
309 210
481 330
28 219
498 226
40 483
354 102
479 115
28 434
256 164
49 225
46 412
142 38
364 54
272 262
451 467
160 345
270 231
108 382
484 478
114 95
7 305
90 25
21 235
145 369
71 256
187 41
215 261
204 298
315 355
98 110
324 47
28 158
172 396
353 232
495 94
38 457
161 467
336 230
180 388
317 305
254 402
145 406
129 83
349 382
250 199
131 195
340 360
289 23
315 377
48 175
47 378
289 254
215 110
211 158
457 340
343 175
328 39
264 156
394 168
340 252
97 159
144 278
423 60
74 448
171 368
140 324
434 47
41 397
24 453
279 146
263 391
104 180
336 192
310 71
256 407
409 323
469 233
258 27
413 315
413 277
145 379
274 161
222 397
374 354
44 278
18 93
309 81
196 395
455 417
350 143
288 157
382 311
409 28
434 202
34 381
358 12
234 414
368 79
299 308
92 204
228 305
469 79
363 112
261 193
455 348
89 426
228 320
203 160
224 496
287 21
86 81
248 87
118 108
132 95
97 346
106 122
328 497
345 416
16 470
250 295
475 336
409 224
490 120
99 432
254 435
288 53
179 74
137 234
261 166
339 341
71 260
229 43
452 291
438 7
325 202
370 48
82 378
239 205
259 6
121 371
40 323
101 182
459 418
435 393
19 219
128 185
340 401
426 176
165 324
311 211
211 64
39 234
132 336
255 314
383 21
117 102
94 126
219 297
473 443
207 101
479 216
101 272
106 366
477 285
293 492
87 459
342 187
299 218
194 311
53 205
136 341
487 31
351 278
39 198
318 407
90 362
193 285
255 172
447 50
74 135
185 29
257 78
426 105
294 301
53 281
173 202
362 307
34 156
272 92
22 225
333 210
488 140
286 437
430 162
284 307
330 487
354 33
262 261
414 202
456 151
449 211
373 93
360 214
421 338
172 110
286 118
71 146
400 7
154 475
10 129
435 5
290 102
255 414
232 469
52 225
494 76
189 317
63 131
2 39
198 174
57 127
64 340
232 364
433 210
60 300
267 469
24 20
133 329
143 15
179 345
161 168
231 323
238 421
130 186
406 314
112 364
406 238
216 117
366 256
203 81
426 130
283 232
451 482
99 242
415 10
384 144
387 495
275 325
139 383
277 82
472 400
71 152
17 410
116 492
72 269
49 322
123 418
492 17
288 214
21 452
180 203
430 93
457 112
205 460
240 281
299 146
34 67
12 170
365 192
235 28
137 195
369 237
142 150
213 449
339 369
13 37
493 103
76 54
427 372
499 358
42 420
397 261
265 285
322 489
386 44
319 484
194 69
172 357
474 399
389 343
138 101
273 375
105 338
437 241
333 487
186 171
387 438
54 382
238 358
353 378
193 284
141 313
259 28
412 50
482 318
60 90
231 14
264 118
260 12
101 56
388 55
71 256
218 129
396 471
124 230
5 135
391 187
10 424
43 19
353 153
492 205
376 422
130 81
442 3
465 208
245 382
20 411
479 18
45 415
443 496
385 83
430 333
220 375
269 342
400 58
109 252
323 92
178 15
160 457
90 82
30 319
