200
437 342
364 286
488 59
193 326
97 230
331 290
241 142
411 486
415 461
57 232
25 399
93 244
166 216
284 339
422 461
139 222
189 13
111 270
434 60
292 242
13 135
74 3
57 386
410 266
321 483
391 9
483 205
211 137
232 423
433 237
406 27
425 237
248 232
365 210
51 418
221 498
210 224
111 51
94 357
397 169
165 309
251 116
58 351
78 245
132 472
209 466
65 258
234 76
126 494
28 2
436 109
290 158
372 407
157 181
434 245
303 117
406 176
267 209
214 125
456 476
196 434
456 362
50 17
27 141
312 55
477 239
182 249
198 480
250 372
93 7
242 464
124 387
429 34
243 287
135 490
407 319
194 140
173 360
257 228
45 413
132 222
202 451
22 255
356 44
265 237
411 422
226 78
451 141
178 384
272 247
223 97
477 114
455 311
236 348
175 87
419 76
251 271
345 497
74 92
183 175
459 453
329 40
8 63
65 196
328 204
227 396
487 137
29 414
245 344
472 334
291 444
142 245
286 160
271 44
221 214
441 66
74 392
402 351
139 356
490 60
91 187
477 242
50 309
244 156
55 393
231 279
185 253
459 2
105 46
35 355
0 151
257 477
38 377
83 334
215 169
406 330
24 0
463 366
89 257
188 399
461 466
146 353
305 53
382 13
159 68
213 22
153 348
390 357
365 176
124 109
169 488
350 372
129 70
427 299
326 255
0 55
117 29
332 381
484 64
192 40
259 418
486 252
6 292
50 411
388 197
5 405
282 225
431 310
322 28
417 10
28 112
230 357
261 386
145 30
80 210
444 123
428 183
400 247
31 473
372 410
308 186
29 141
97 281
218 183
149 403
209 37
493 320
73 178
447 307
70 333
2 449
323 104
153 461
150 329
228 270
434 67
317 443
91 227
345 269
281 498
