3000
143 395
150 194
250 54
263 278
431 75
309 68
456 455
176 132
114 145
152 265
310 55
297 130
242 75
31 58
48 278
126 107
467 404
479 27
265 416
56 210
253 462
92 53
251 145
495 232
34 450
59 297
117 430
66 152
360 330
320 182
222 345
34 451
13 193
5 65
326 370
332 496
122 471
208 248
385 262
343 334
128 43
359 160
291 187
273 301
408 307
101 499
164 401
469 111
376 359
296 39
43 321
460 320
212 376
478 90
347 295
125 317
82 282
472 308
287 499
178 253
403 319
363 396
30 399
105 212
93 227
299 40
390 332
180 142
437 230
157 42
95 170
31 126
362 140
207 259
133 420
47 471
16 82
420 169
287 225
361 225
34 200
329 310
308 192
146 295
358 322
9 229
362 392
20 271
189 241
471 137
491 99
253 402
376 382
167 434
111 231
444 490
69 413
138 26
434 220
327 87
36 254
173 13
359 138
311 197
221 243
318 112
172 124
25 347
48 367
308 95
456 454
26 447
308 265
142 413
293 299
483 427
263 317
81 190
19 164
460 308
439 132
347 186
109 404
82 158
96 193
439 183
417 432
415 309
498 1
42 201
13 12
423 66
318 479
314 201
394 461
424 165
53 403
235 321
215 98
325 385
57 70
171 215
277 314
291 129
233 292
35 198
21 3
110 453
441 51
27 271
10 291
128 323
329 219
110 319
116 229
136 286
248 144
236 347
360 267
380 458
422 374
217 338
164 30
252 276
42 212
21 18
307 419
318 172
359 495
451 300
489 173
158 268
28 354
403 271
267 480
220 434
447 359
170 307
76 497
480 209
127 195
36 282
277 255
133 169
366 22
149 152
151 24
439 234
446 297
188 20
204 86
157 492
319 329
311 338
196 38
91 461
7 249
116 82
460 373
228 231
472 64
35 418
355 376
44 258
431 141
293 10
419 2
207 399
366 60
355 286
164 445
75 1
67 51
335 417
157 66
470 500
244 127
61 417
447 169
337 360
345 89
438 74
145 450
110 11
214 319
442 147
153 154
473 398
61 21
477 356
137 484
447 149
393 368
340 154
87 375
2 13
72 106
12 22
498 372
226 462
206 25
300 117
405 98
95 26
301 191
348 376
353 122
142 477
402 224
408 360
131 176
355 482
416 62
390 219
499 140
67 212
305 238
75 193
444 345
455 38
208 406
34 133
117 197
260 33
49 328
84 169
321 165
414 20
88 488
255 398
136 275
295 60
122 299
199 220
283 480
214 198
217 359
496 132
489 383
79 206
241 61
38 216
323 220
321 225
209 260
31 189
187 190
50 310
162 214
153 494
346 279
335 376
385 453
52 244
43 328
210 256
272 491
272 253
257 156
429 310
293 165
16 108
205 241
479 364
181 423
340 162
303 496
387 29
252 111
180 193
29 148
9 490
209 394
104 231
342 224
453 183
493 254
443 477
348 258
365 46
127 170
277 129
480 353
337 121
307 416
345 38
493 169
150 153
180 45
107 19
290 11
68 282
222 271
81 376
335 298
28 163
285 467
89 184
278 60
126 46
472 237
388 467
177 380
235 393
171 257
201 133
407 57
162 215
307 299
221 232
309 41
488 316
63 340
461 303
238 275
375 287
395 338
408 317
413 196
159 239
131 120
270 46
13 421
111 111
308 203
488 89
418 270
55 16
494 343
65 271
371 126
361 312
314 232
148 471
69 461
255 144
225 479
102 299
100 438
358 11
277 211
224 431
232 323
166 200
190 308
306 147
384 291
491 270
322 111
351 162
285 60
382 198
432 144
211 198
292 249
120 27
74 386
102 469
358 398
119 409
311 164
375 98
141 383
85 253
295 436
334 16
211 364
189 232
338 495
494 427
358 428
78 233
286 468
436 76
256 192
441 217
470 467
204 395
145 404
355 106
149 462
397 295
173 426
59 125
175 257
14 276
493 253
398 497
357 291
476 340
278 148
452 268
298 132
196 356
326 216
405 431
466 246
472 271
460 323
464 417
84 211
229 380
312 339
151 236
494 333
33 356
50 166
93 444
285 251
156 234
495 6
202 70
368 130
55 499
117 104
20 494
200 354
475 193
203 464
267 42
290 353
398 108
168 103
224 79
291 311
57 140
469 394
301 460
213 263
137 285
353 340
231 453
476 143
47 23
333 182
188 240
485 446
30 79
336 90
199 157
49 54
211 201
436 74
418 459
301 222
307 321
262 257
131 316
490 449
408 287
424 482
269 358
35 374
26 84
454 385
412 384
318 222
193 83
127 332
349 271
399 238
71 359
345 413
159 411
381 339
255 368
290 341
91 131
242 296
208 491
146 66
454 107
464 417
219 399
260 206
3 189
313 463
88 288
454 464
222 379
39 207
26 348
2 313
208 173
264 466
285 140
431 220
256 87
22 124
202 155
459 87
86 331
67 59
105 44
57 430
496 403
16 387
261 188
299 216
132 254
234 282
488 462
99 42
62 74
43 351
189 251
6 297
484 221
462 210
59 163
478 410
203 21
121 470
318 481
376 79
461 493
14 163
136 351
443 93
374 281
231 326
63 136
480 495
465 114
111 430
438 465
397 483
500 455
219 93
489 262
201 321
80 474
30 226
183 90
231 438
486 491
138 232
161 432
378 106
275 18
471 23
204 499
454 432
226 313
106 156
421 155
91 425
187 131
63 113
389 132
281 12
57 484
99 190
456 410
316 95
373 257
163 364
456 390
342 163
181 304
386 442
3 228
180 64
242 294
299 344
93 93
245 259
362 356
56 328
226 58
377 171
205 86
331 475
320 498
292 335
313 135
6 4
492 227
333 487
90 413
486 447
371 105
307 37
441 125
471 210
373 44
398 292
72 336
213 45
380 499
25 322
51 138
330 125
61 59
104 492
166 57
200 293
178 91
235 93
15 302
283 348
196 400
57 460
228 190
404 49
24 341
284 75
68 13
301 341
302 221
444 108
362 337
97 459
89 290
148 25
274 362
60 367
378 185
459 367
250 70
158 397
122 231
188 469
391 276
221 54
157 90
142 375
392 260
465 184
211 177
320 377
305 440
446 344
38 138
374 249
262 335
262 421
329 354
443 63
10 68
182 395
256 293
122 168
466 110
231 3
45 297
201 281
20 400
387 416
260 23
86 269
349 477
58 359
112 226
476 261
463 323
436 488
326 206
196 22
397 408
221 303
382 484
117 482
352 344
272 53
489 244
329 439
203 121
297 145
133 58
475 21
21 279
381 473
136 319
261 453
73 50
305 481
125 500
306 133
277 79
199 465
128 407
317 457
214 175
303 31
18 136
344 446
312 458
46 345
369 37
162 164
495 199
162 284
78 50
19 144
497 165
364 317
22 377
470 110
210 415
79 201
272 290
303 201
460 66
199 408
215 55
34 21
222 489
354 50
195 131
120 82
11 48
199 185
486 107
390 488
224 39
232 234
246 462
438 353
434 60
296 115
499 93
107 364
350 313
467 304
212 313
498 432
372 294
203 156
27 417
164 316
106 392
278 35
308 59
205 476
66 411
468 226
368 384
70 499
280 293
378 160
154 407
281 116
282 235
124 11
409 383
182 488
326 72
430 302
354 436
439 226
318 177
293 440
222 409
375 215
344 127
437 234
314 252
224 382
493 455
374 66
438 263
187 128
390 291
246 87
142 382
171 406
218 271
166 177
210 80
218 119
136 451
239 220
141 194
450 24
71 426
105 160
311 149
275 461
377 263
15 101
135 235
466 442
149 405
417 226
247 268
328 432
161 163
139 232
135 37
217 481
393 197
129 315
133 247
459 46
413 127
147 114
366 256
95 218
323 26
21 258
417 213
146 312
466 416
346 307
269 424
197 407
495 365
111 43
338 105
195 338
189 302
209 37
495 321
49 354
69 311
244 326
436 222
261 417
372 107
79 326
109 321
104 402
277 195
499 469
492 362
61 101
352 377
339 139
440 214
144 320
224 453
222 299
260 226
373 74
304 48
262 349
401 239
270 228
1 190
337 243
392 312
372 85
416 335
386 471
306 99
123 403
284 48
383 314
106 167
20 35
74 473
499 151
62 321
352 382
100 241
424 54
105 458
367 477
236 228
383 313
225 44
285 342
271 58
79 473
97 164
458 51
370 451
252 109
67 2
13 2
303 82
102 454
383 367
393 295
429 118
267 316
289 150
156 399
471 30
404 54
130 62
269 449
339 94
172 217
329 312
469 92
342 20
118 44
296 9
345 79
296 395
271 67
348 85
411 272
149 352
171 148
479 75
94 199
135 351
455 10
358 156
428 91
1 91
77 152
176 441
437 361
324 259
306 64
189 204
0 293
11 402
117 211
349 238
106 231
53 38
375 89
115 467
10 183
191 149
277 78
412 265
98 166
333 10
123 7
222 311
150 49
336 312
497 215
439 235
105 270
220 224
194 377
466 142
191 214
123 295
334 151
16 76
3 210
190 493
150 56
180 33
302 82
377 392
76 381
428 30
97 37
68 145
112 50
332 14
433 424
191 221
169 192
294 296
393 209
16 18
339 410
194 411
414 229
431 130
162 32
174 66
417 402
482 384
295 112
42 381
370 37
271 146
123 429
152 88
378 65
175 350
121 67
407 337
278 300
258 316
333 471
498 147
153 234
224 176
339 211
335 129
153 235
99 461
49 346
212 294
379 170
321 270
384 214
137 98
117 77
456 109
155 190
252 81
201 453
493 11
249 211
315 282
493 65
227 448
78 94
447 189
142 53
51 113
26 104
42 36
113 332
454 459
159 11
140 161
214 67
65 253
116 260
74 450
183 332
444 238
132 263
418 254
5 205
291 229
310 486
283 119
405 456
162 321
359 251
180 311
29 115
53 373
105 248
401 238
239 340
395 77
63 415
471 114
311 421
317 264
413 230
87 59
391 218
290 465
133 133
172 143
309 258
451 491
219 441
130 114
169 244
347 360
80 276
381 366
96 318
2 356
355 40
96 438
15 412
62 499
57 183
310 0
223 444
57 228
471 455
253 199
147 50
336 257
47 36
175 23
112 380
462 123
96 320
98 257
78 93
152 499
263 123
426 28
356 463
387 57
99 190
135 71
41 153
311 315
230 490
64 154
349 474
430 214
452 70
80 113
367 162
52 347
114 93
385 176
20 268
353 50
10 15
278 0
329 361
107 448
430 378
483 355
37 311
419 125
304 180
143 324
167 309
43 26
269 484
371 337
490 176
355 410
263 325
386 32
334 235
176 499
351 343
363 460
455 11
70 44
355 1
111 373
498 34
56 471
334 159
427 446
272 148
33 340
0 367
78 44
398 313
368 94
85 103
310 134
153 143
41 56
211 46
434 414
179 418
403 345
249 3
375 71
479 105
160 451
145 292
432 266
159 261
363 287
436 463
124 487
487 164
292 316
361 269
194 95
89 204
250 391
329 178
135 413
374 426
341 414
183 315
94 416
10 174
432 26
256 472
276 387
200 222
162 219
377 302
5 423
192 155
231 498
362 338
383 203
160 211
435 249
258 304
276 419
318 43
427 216
348 495
473 459
18 392
25 330
65 125
163 5
420 359
478 460
79 41
45 332
362 140
458 102
475 156
225 143
184 158
115 257
120 369
472 384
76 393
305 49
450 60
480 130
361 440
354 411
405 201
21 5
232 148
24 211
157 490
448 7
398 190
72 371
9 202
243 217
128 271
465 330
244 426
173 432
338 31
443 407
232 253
230 433
444 46
209 202
246 355
241 195
48 390
350 81
46 191
353 477
269 137
324 368
483 330
60 433
196 138
135 233
451 258
91 226
119 480
95 342
264 197
114 133
468 133
19 340
335 180
38 265
459 221
13 476
390 286
97 217
51 371
348 254
144 203
305 224
411 69
423 175
467 395
418 142
322 236
193 282
79 389
209 168
305 223
338 59
81 499
23 307
324 290
143 128
154 60
369 343
243 442
268 365
492 413
463 196
214 134
178 397
500 254
117 221
100 300
323 76
400 280
343 207
46 246
297 268
246 159
36 22
274 206
234 29
337 14
177 469
455 345
182 91
423 3
251 265
86 74
23 411
30 12
88 65
493 126
236 411
31 101
320 284
291 114
283 236
472 473
383 3
24 216
321 226
489 167
304 439
117 308
189 328
41 402
62 435
326 447
428 452
431 360
500 316
306 34
5 42
60 413
80 268
199 213
157 206
372 329
454 283
490 3
251 262
266 220
477 427
173 273
32 436
126 151
246 436
58 249
172 284
483 318
23 339
306 186
447 369
400 294
154 465
475 84
65 70
223 58
46 358
418 268
295 421
350 405
138 227
251 105
86 347
146 381
429 333
353 385
51 170
266 476
7 427
347 398
138 32
54 341
489 37
118 302
203 455
79 124
347 86
303 467
408 241
313 64
83 326
299 261
159 88
254 109
359 204
395 377
13 115
369 146
222 344
269 16
227 296
378 258
55 236
241 348
500 280
184 414
124 449
69 258
71 284
92 423
497 252
256 483
298 157
132 417
200 229
143 311
315 291
225 35
246 294
246 423
353 329
351 60
420 1
348 210
2 296
199 480
79 49
169 128
160 145
245 456
161 67
411 317
69 138
452 305
90 116
103 87
283 331
156 208
410 401
241 266
326 122
126 107
319 43
39 35
231 289
498 268
116 175
399 75
137 382
40 352
358 105
122 148
79 119
18 354
161 95
205 232
397 279
144 135
2 414
188 17
330 162
48 378
361 421
78 382
422 215
430 118
154 84
105 343
466 297
430 308
183 98
38 237
182 465
143 237
401 141
380 91
42 265
154 346
139 67
29 13
108 169
324 400
425 169
177 32
490 109
398 39
50 85
232 74
398 314
10 399
383 307
478 201
465 133
445 422
362 48
254 220
295 82
47 210
374 260
412 318
307 48
475 488
82 436
292 19
301 109
461 83
259 235
306 171
452 230
114 481
44 138
25 320
37 310
168 270
412 171
256 51
346 111
434 404
441 486
68 369
454 467
233 277
222 477
358 241
314 176
26 131
426 215
353 485
119 77
189 229
215 269
485 122
122 407
23 238
425 407
106 344
472 49
208 9
260 303
438 113
441 108
367 468
108 266
402 258
392 449
236 348
269 339
126 231
85 98
227 231
262 51
287 390
4 468
257 331
451 221
417 441
347 314
366 192
136 200
484 201
102 192
403 397
75 391
141 93
153 52
448 69
415 383
304 192
247 395
32 270
47 84
291 239
75 68
374 217
140 172
282 337
142 81
11 118
200 395
312 163
94 163
259 476
217 7
438 32
292 435
295 296
406 311
24 224
269 361
305 124
31 167
66 84
447 314
455 475
477 438
50 257
361 341
255 250
79 152
400 230
151 355
63 168
411 273
329 203
391 428
213 48
439 344
113 199
305 387
230 131
127 215
489 462
10 105
419 174
93 366
424 102
438 107
48 206
285 463
257 193
316 164
232 228
370 40
218 323
327 185
158 445
444 493
308 193
480 363
81 397
236 166
496 10
336 179
446 479
198 234
247 276
166 113
233 462
268 462
499 163
485 241
418 206
141 389
195 96
323 132
253 197
495 283
6 7
29 94
474 403
263 473
109 92
291 135
474 353
30 93
216 103
226 233
252 280
158 500
266 105
30 346
476 300
328 45
120 134
411 357
371 192
414 205
76 446
72 355
438 439
462 320
323 276
433 8
299 395
310 199
311 292
376 12
76 364
260 272
441 310
348 255
274 401
462 117
140 6
112 162
454 19
57 388
185 404
263 382
369 40
243 48
484 150
59 77
129 176
263 216
164 341
481 349
462 445
342 69
295 482
82 223
28 455
249 233
204 267
306 1
436 76
289 82
403 185
216 270
118 379
98 284
335 227
310 18
476 281
103 231
445 123
375 0
43 449
435 145
477 21
345 411
330 159
90 367
274 194
398 255
363 411
168 264
205 181
70 459
291 132
235 360
161 500
312 500
381 338
395 320
307 472
224 397
365 310
452 123
38 275
391 167
346 182
274 416
104 220
402 270
474 417
340 280
41 134
331 342
430 383
37 292
484 465
412 215
42 140
93 382
28 482
119 15
462 433
115 428
424 492
239 65
111 480
36 297
244 42
440 298
413 1
391 442
325 375
479 229
237 366
248 390
466 401
246 295
484 88
339 133
276 127
436 420
307 400
286 233
388 93
389 462
106 137
360 55
347 379
233 272
437 326
292 3
391 304
49 262
381 482
465 232
130 475
435 385
207 232
433 371
111 261
453 444
130 171
167 138
444 65
46 481
465 13
36 115
84 65
30 440
69 438
188 209
217 4
281 19
25 46
159 31
452 16
97 491
288 230
490 247
322 143
294 140
485 410
186 317
332 184
238 159
301 337
131 103
55 167
342 9
239 283
18 335
27 35
463 277
296 370
75 344
47 73
442 38
347 482
404 317
185 382
295 419
378 124
291 328
55 453
236 53
209 476
403 163
459 2
61 471
362 494
259 369
209 444
498 89
325 130
261 438
73 352
288 204
297 203
367 393
32 294
405 18
230 315
476 173
240 206
492 245
351 361
432 305
33 286
127 37
219 39
445 430
218 423
112 246
315 51
389 232
401 478
268 13
164 375
135 356
197 60
189 452
272 2
380 159
60 90
397 206
196 17
374 144
149 51
407 418
12 292
343 131
385 284
141 372
478 14
351 196
403 312
20 98
365 374
306 203
432 10
37 412
217 299
381 310
200 45
19 219
260 149
240 440
183 386
194 231
334 482
194 21
420 9
487 498
70 407
265 316
468 222
255 455
259 430
164 3
126 175
455 333
385 147
138 8
174 85
311 370
429 359
307 396
331 72
247 37
12 181
203 235
327 218
323 457
119 92
13 76
25 187
445 254
442 130
280 433
263 452
85 323
191 303
87 457
465 138
427 388
438 168
432 49
105 322
409 471
154 99
333 472
136 104
413 285
168 152
122 274
212 306
334 106
347 157
33 297
424 488
475 143
343 428
311 286
273 270
310 425
12 66
490 44
400 457
298 202
146 9
86 238
147 333
58 214
140 260
131 190
35 79
480 384
122 347
476 302
198 222
68 177
429 112
251 145
238 462
328 209
449 367
187 109
39 379
93 97
241 246
42 314
121 166
23 437
48 174
153 270
47 7
192 446
304 373
16 396
103 395
19 224
490 381
18 313
220 411
194 109
314 493
436 437
226 286
329 438
318 195
271 285
310 441
121 290
460 342
376 101
479 333
371 288
352 292
33 384
321 56
295 146
106 3
107 277
227 95
394 110
423 439
192 372
423 436
76 404
18 187
114 500
0 489
453 313
60 410
475 462
64 463
486 453
55 6
64 252
339 149
386 248
129 384
84 74
109 362
41 449
475 215
68 348
145 171
41 59
435 365
50 88
49 10
231 319
116 322
117 360
500 209
255 179
159 316
160 411
305 259
57 111
371 338
119 49
179 236
437 457
198 106
365 40
495 37
256 124
462 204
197 248
134 91
163 398
246 457
67 324
310 401
390 114
359 52
216 181
97 240
333 290
490 387
448 302
194 317
111 282
191 453
41 236
428 129
488 180
283 456
149 156
421 437
16 464
326 89
496 103
277 28
459 347
422 218
324 380
313 22
178 88
112 168
73 340
210 456
89 414
115 59
9 80
29 145
497 448
351 482
290 415
324 59
37 16
265 300
195 426
455 157
228 94
44 439
69 3
423 381
427 41
500 300
20 382
341 229
187 45
43 177
42 406
280 490
482 287
393 500
463 125
71 245
397 377
39 97
211 483
88 431
304 113
417 495
400 253
177 460
53 350
116 418
488 436
48 279
118 187
221 102
1 358
453 426
332 473
231 460
471 207
58 35
251 403
328 252
359 109
184 225
119 34
100 431
311 141
223 14
338 174
474 344
348 421
56 72
273 91
344 41
182 259
351 178
481 25
281 94
147 21
429 124
62 409
108 331
154 13
470 379
23 232
364 381
219 447
467 372
206 309
35 442
362 137
192 381
178 268
154 361
323 102
349 169
121 354
101 123
20 90
357 294
267 84
274 362
165 293
58 428
196 317
279 52
276 114
292 260
253 444
47 103
357 471
289 63
265 141
473 59
460 255
54 341
57 195
274 356
489 31
232 296
94 335
186 475
267 93
103 61
214 170
209 196
192 43
309 399
259 203
339 163
240 354
87 82
301 221
218 95
465 107
37 102
339 474
117 318
285 135
492 377
142 139
65 204
111 99
190 46
306 106
104 26
468 167
40 465
27 289
407 23
71 230
363 290
102 137
190 37
242 53
323 296
284 211
200 452
445 329
50 141
393 254
477 145
113 245
469 108
438 500
74 366
310 227
322 346
438 399
368 68
305 268
255 483
198 238
21 356
376 25
92 216
11 167
116 298
18 482
7 495
177 391
362 239
169 281
326 72
438 64
224 70
453 471
492 139
266 497
148 156
101 141
171 238
330 253
445 46
74 182
99 34
287 159
162 240
221 87
492 319
344 461
340 158
205 437
437 80
197 84
169 294
137 48
95 65
224 227
367 100
245 5
458 292
230 63
181 313
323 48
341 195
457 150
262 220
471 290
38 124
400 127
314 146
343 374
11 157
337 123
390 446
221 281
29 106
127 431
104 426
392 89
456 441
499 146
345 279
66 236
458 256
257 456
394 255
382 40
4 97
98 248
348 47
189 317
120 478
190 441
394 411
4 309
441 13
111 471
455 434
144 283
361 206
431 409
350 499
490 73
487 366
286 135
360 225
205 366
493 237
264 164
413 192
359 374
252 400
221 145
500 44
440 93
454 159
246 174
11 78
42 393
408 13
496 261
204 291
439 18
456 0
147 219
249 346
214 416
315 282
223 500
9 187
271 354
416 228
116 391
30 108
221 194
366 360
271 152
157 203
87 370
272 456
430 202
432 287
420 225
252 295
154 148
206 226
104 423
120 209
364 426
353 411
259 294
370 355
193 463
92 402
62 382
89 288
500 48
429 193
243 259
387 50
293 62
133 133
455 7
250 55
244 295
214 265
221 175
271 250
226 60
41 356
258 411
211 264
205 134
232 210
285 409
321 107
150 25
15 392
356 212
405 6
232 465
411 296
426 388
300 475
456 399
123 254
225 297
468 424
59 202
442 254
156 398
162 30
85 304
15 152
154 210
478 437
113 233
80 257
280 48
51 379
205 129
316 293
264 307
87 38
240 128
405 112
253 329
101 316
71 125
165 232
24 390
500 326
119 369
11 256
381 482
316 206
347 498
161 403
379 321
386 460
312 358
61 246
2 242
172 308
317 392
150 227
199 327
18 170
294 51
65 266
486 58
116 300
94 196
371 112
289 365
389 134
231 320
68 235
24 289
250 190
140 357
382 316
286 431
8 418
16 434
374 16
167 17
445 46
181 253
469 227
133 431
95 227
138 24
440 443
491 3
282 227
431 177
357 71
332 391
76 203
395 148
86 184
302 66
490 465
287 256
387 416
271 126
38 60
132 362
65 206
227 211
414 314
305 476
400 71
290 407
234 105
258 448
289 286
394 39
278 462
368 187
442 262
224 41
42 241
369 151
79 310
355 110
17 283
424 3
276 336
396 138
443 244
259 447
60 224
83 88
267 56
302 264
497 435
341 25
52 141
220 443
146 199
309 236
283 158
62 34
489 420
45 27
71 421
138 417
320 455
239 213
86 441
45 135
235 422
309 420
14 141
493 308
38 222
111 225
283 200
358 126
48 406
499 60
186 322
413 83
341 182
406 332
1 167
358 12
150 224
163 411
326 488
291 115
446 264
316 106
304 329
483 491
126 387
298 191
370 230
295 457
146 49
222 430
343 103
108 86
318 464
415 192
417 173
268 331
120 169
4 373
474 413
74 354
104 445
87 393
193 435
195 416
172 85
147 17
134 324
371 215
213 405
169 58
366 178
19 309
302 267
435 21
11 229
37 306
174 429
307 304
367 454
481 437
390 135
486 213
234 54
390 122
12 169
72 364
52 164
416 50
200 215
339 413
271 114
73 500
233 403
377 32
64 455
334 103
16 402
310 179
400 162
376 466
390 115
465 491
52 191
489 125
347 96
14 179
282 413
352 484
406 171
276 322
413 202
421 308
6 274
196 72
171 426
280 238
419 314
150 295
227 272
449 369
4 156
6 461
326 238
480 46
268 57
355 24
79 80
89 94
493 157
271 395
320 392
136 53
87 432
82 356
48 297
405 412
349 493
469 144
409 378
166 229
84 374
449 144
102 430
233 3
120 103
348 268
309 126
209 205
451 475
314 199
80 11
246 157
52 393
370 53
116 490
485 347
149 187
400 493
189 292
330 49
447 80
147 124
354 236
482 128
353 206
488 116
379 143
25 432
356 84
397 12
117 62
446 165
297 217
274 352
76 267
363 215
269 433
100 58
49 283
148 302
108 244
442 438
278 149
271 19
364 179
354 92
471 284
390 334
79 136
155 461
156 201
414 225
142 122
119 392
30 346
387 9
254 135
288 41
443 49
289 438
222 51
1 59
307 119
211 163
319 196
4 371
133 136
199 207
20 76
170 408
218 47
499 345
278 403
485 331
54 482
369 403
30 66
463 253
64 340
431 19
307 203
489 382
182 177
375 384
26 397
94 183
282 282
244 95
156 426
72 35
114 166
222 346
228 288
236 259
491 16
74 181
500 225
44 4
347 293
170 140
439 225
413 146
277 318
417 375
46 338
194 392
201 169
61 264
29 79
265 439
342 246
76 434
166 77
344 350
223 259
94 95
38 456
29 459
182 226
115 477
292 135
408 136
174 307
492 168
441 244
366 335
327 151
99 243
29 393
41 428
406 138
363 432
322 441
103 492
192 215
373 249
122 149
248 19
59 13
445 297
172 261
45 58
420 90
156 392
377 173
13 331
389 344
440 171
193 51
463 129
42 396
472 473
304 438
307 355
276 23
303 367
377 189
135 389
457 295
230 312
194 254
285 133
286 300
390 55
366 484
196 166
363 363
351 192
25 263
135 313
362 490
467 293
79 246
236 377
420 418
278 330
224 378
497 380
70 445
421 196
353 381
272 280
479 223
125 52
266 296
211 45
57 405
34 39
211 464
188 292
49 307
405 420
294 436
251 197
432 168
452 274
313 310
235 13
461 314
379 391
492 110
361 10
33 149
114 108
133 10
284 86
314 100
482 132
138 463
319 285
308 365
454 369
133 21
125 350
316 46
465 488
292 77
36 96
345 174
136 435
22 314
489 25
282 28
33 270
205 379
137 145
132 313
265 74
399 161
255 212
16 147
29 448
133 260
318 338
22 235
91 322
372 257
42 418
318 386
310 464
280 260
45 256
78 86
453 258
374 416
85 202
69 479
284 86
9 368
324 285
238 221
276 226
126 184
27 96
242 172
235 119
462 458
302 490
95 319
472 159
262 274
439 453
421 432
26 381
19 145
266 132
24 312
82 483
337 201
349 148
446 97
280 401
297 468
334 418
412 337
328 157
415 197
380 58
52 171
1 253
26 314
26 110
279 499
221 35
493 458
167 42
411 143
317 184
334 6
446 265
492 85
3 416
304 229
336 390
143 212
286 472
388 0
395 325
322 282
263 329
183 446
57 14
357 47
258 75
472 34
436 79
79 415
36 472
435 167
50 453
310 305
38 404
