500
380 213
436 218
391 146
326 29
228 375
242 13
489 19
397 300
184 232
130 301
457 426
201 68
241 315
492 370
306 222
434 470
66 75
303 126
302 144
97 400
376 125
77 216
70 500
51 316
420 178
287 266
140 450
117 141
279 364
118 497
17 213
89 275
108 498
437 136
457 309
118 146
76 64
437 184
226 468
482 146
242 235
252 266
326 415
61 487
239 33
65 205
438 151
269 154
2 410
373 106
95 314
247 414
191 270
55 15
461 230
133 304
342 302
262 313
17 121
389 275
371 274
485 328
388 307
307 72
257 158
420 315
18 398
24 296
343 367
104 271
146 363
148 287
481 110
358 409
65 331
351 212
403 422
227 71
279 49
112 449
357 337
168 401
219 157
135 112
321 223
3 323
181 375
284 112
203 172
6 264
331 23
272 433
321 371
163 54
308 264
166 319
31 75
380 408
400 165
268 68
34 308
117 87
68 37
47 21
52 197
499 62
489 468
300 346
385 62
463 69
209 197
89 5
257 397
449 331
495 245
298 445
461 410
104 442
320 321
348 322
446 60
445 497
378 242
382 335
390 237
372 260
110 22
251 387
134 163
215 211
6 62
416 476
121 224
400 44
382 255
1 136
453 224
449 255
150 260
20 153
230 142
120 64
357 224
73 243
215 410
68 147
85 226
176 246
264 185
311 304
332 142
415 218
468 21
75 467
105 175
403 380
389 141
482 446
184 43
374 456
426 451
415 138
251 409
117 413
3 96
249 338
256 191
122 89
287 477
115 38
369 317
63 482
436 55
60 164
26 260
363 394
454 380
106 211
437 413
378 174
347 476
307 209
195 34
277 397
221 312
77 294
51 141
284 466
410 385
86 453
412 70
123 176
126 315
202 325
374 211
373 418
255 211
312 351
365 334
329 396
356 291
130 0
315 51
42 198
159 18
360 419
65 497
454 37
252 245
257 81
349 131
473 185
239 273
385 66
332 76
48 257
5 250
362 399
240 60
38 1
450 60
6 53
221 231
327 85
466 490
76 105
237 300
243 165
322 494
276 168
488 229
299 251
497 108
348 428
154 48
184 480
391 291
70 228
95 161
0 49
52 108
26 305
455 68
102 258
398 118
329 318
56 469
154 83
203 138
376 471
482 324
301 21
458 1
173 360
47 379
101 300
205 348
303 381
237 348
34 392
394 104
159 279
249 10
343 452
436 274
394 22
471 126
315 87
7 207
464 405
229 41
245 183
46 268
50 44
169 188
172 456
161 443
238 311
308 441
48 121
487 410
291 96
433 129
416 291
70 380
195 298
379 490
210 349
466 256
498 443
106 16
474 299
181 233
180 171
244 164
422 311
281 239
278 263
371 421
361 140
414 25
83 483
229 352
390 261
66 127
439 232
201 234
482 117
231 215
469 496
276 46
493 340
463 424
404 280
389 148
325 430
423 335
355 424
251 361
6 19
419 358
181 184
241 165
413 14
221 461
425 353
358 452
330 165
277 306
121 1
14 151
115 403
427 476
332 295
400 194
239 119
315 390
59 435
415 30
319 8
187 353
213 42
12 387
487 485
268 369
160 415
349 250
471 239
131 252
236 262
388 301
43 190
28 25
369 437
460 199
474 376
192 52
277 38
472 476
313 134
442 191
477 393
85 391
105 150
148 151
129 420
252 191
174 244
165 402
317 85
156 148
321 449
448 235
22 398
402 242
459 48
351 177
32 78
226 395
440 296
109 433
381 362
437 331
489 489
310 120
317 431
291 62
434 49
408 240
310 189
165 485
226 393
147 142
361 14
46 495
174 207
5 236
435 426
158 254
440 322
217 86
406 90
353 88
62 483
409 198
52 468
32 281
234 275
229 445
306 27
236 342
482 470
138 255
31 123
495 17
146 181
298 272
499 55
452 459
325 358
108 148
430 90
23 76
307 363
211 180
313 398
193 484
405 1
426 177
32 458
61 329
379 327
47 336
200 67
141 399
323 276
451 474
197 222
311 123
192 329
177 227
134 330
283 445
162 291
157 311
98 185
290 240
68 414
126 169
291 110
204 167
223 154
274 135
188 431
97 444
487 439
253 371
355 232
329 102
10 33
140 417
70 186
311 72
419 321
404 12
86 196
326 111
79 404
226 324
435 327
93 231
93 100
481 168
35 85
3 88
175 103
287 284
66 59
265 181
434 19
281 228
409 292
119 217
464 324
146 403
405 289
121 204
259 359
277 469
77 374
74 207
269 285
125 179
447 318
216 308
324 490
465 196
421 423
376 433
455 131
