9000
379 468
479 293
422 268
16 10
305 29
413 492
351 202
308 480
83 477
260 18
319 413
236 373
259 304
284 497
134 47
456 470
2 200
57 51
1 24
168 338
408 347
235 362
131 318
491 291
112 380
157 376
151 403
296 458
436 114
479 43
138 487
256 193
432 26
100 29
488 303
453 260
18 221
57 119
310 167
359 473
484 148
23 475
241 497
336 128
382 109
483 404
339 445
499 314
176 34
378 306
126 122
287 495
267 290
303 244
33 21
315 330
123 16
363 155
442 80
228 479
469 409
79 425
275 377
288 45
202 417
214 191
356 93
195 68
473 17
488 308
314 26
496 32
225 10
496 477
381 91
280 365
340 415
275 205
375 290
228 180
351 488
66 331
269 232
119 489
144 302
278 26
279 331
433 426
78 381
233 7
103 408
347 237
99 55
370 149
18 437
374 335
267 236
408 338
170 406
113 22
403 67
258 243
73 273
188 252
156 153
125 265
457 284
44 159
2 151
245 66
376 16
187 41
341 323
39 300
80 328
127 180
254 120
374 378
441 478
119 163
409 270
157 134
121 212
232 432
299 124
50 475
222 24
167 307
13 147
390 196
471 75
444 230
250 335
461 296
160 142
345 95
105 386
461 409
348 210
399 141
314 467
386 324
258 329
292 453
119 78
29 212
308 29
48 408
170 292
302 260
458 444
36 443
52 396
309 395
279 489
196 366
440 488
212 500
123 437
201 85
356 299
449 478
34 178
473 256
331 474
217 38
453 9
134 391
388 469
253 489
16 57
229 30
215 262
114 484
277 81
312 168
401 482
44 118
106 3
457 478
488 92
429 438
176 166
395 124
220 490
177 63
7 371
1 414
184 302
435 96
358 401
402 300
432 20
146 470
202 166
108 147
473 238
106 202
263 355
38 150
104 498
382 182
64 181
292 73
371 207
267 472
337 414
90 481
471 84
278 211
358 477
233 368
135 435
447 234
452 15
466 420
281 328
130 265
207 76
387 169
92 466
151 347
326 87
64 131
333 299
179 446
337 445
51 283
107 233
480 323
24 21
261 227
381 489
29 115
74 30
6 226
113 216
26 499
5 98
196 181
63 59
350 310
222 270
362 64
125 145
434 316
60 333
164 159
446 382
451 130
456 131
111 47
411 442
158 236
471 471
458 40
49 359
232 360
417 132
72 10
445 409
117 7
223 278
29 300
139 63
199 470
325 459
353 491
244 147
9 413
387 308
245 238
43 144
351 76
377 350
449 193
273 269
98 263
220 302
44 116
99 190
254 83
125 197
471 313
47 279
102 218
113 160
259 315
368 256
277 361
288 38
310 92
463 247
55 176
296 292
266 204
378 189
259 111
337 6
364 289
33 190
267 217
464 394
27 321
41 368
12 265
414 64
140 177
154 105
319 147
284 117
413 472
335 185
297 145
489 294
351 103
105 348
478 155
362 162
49 453
384 192
112 500
3 72
246 196
225 235
405 395
342 392
266 371
436 57
255 186
94 359
2 416
258 281
445 414
409 357
401 417
487 70
473 390
125 205
92 234
272 170
489 56
486 303
386 270
390 324
385 127
1 287
404 55
223 52
383 60
85 222
367 419
347 305
24 18
461 255
114 54
50 269
241 265
365 265
167 496
309 68
95 478
31 181
303 267
253 299
81 232
474 41
24 413
415 71
366 98
249 24
375 199
100 485
277 130
285 137
245 267
130 129
365 295
311 34
138 262
26 69
212 395
121 138
288 61
92 288
214 7
355 146
174 37
462 34
180 443
173 175
411 215
147 310
457 338
230 281
269 46
161 22
168 3
430 278
62 287
131 50
435 443
76 64
254 348
64 443
23 270
389 209
211 88
254 382
415 55
204 326
181 338
238 303
199 91
93 75
271 423
301 76
246 382
121 243
337 489
373 351
233 158
488 172
269 120
187 163
466 333
13 377
426 212
168 359
64 87
11 345
270 36
208 470
291 321
39 35
276 455
184 434
363 48
160 267
181 184
254 209
287 37
494 403
422 98
267 346
51 246
5 473
75 43
330 462
81 183
200 426
166 219
126 225
294 475
444 90
441 271
346 479
121 61
325 272
23 474
237 164
463 355
118 35
444 464
128 288
485 45
310 403
333 242
264 447
261 274
480 27
471 388
140 120
461 398
319 179
229 402
350 367
304 415
439 143
327 365
413 223
403 90
377 239
135 291
320 413
394 147
39 389
80 96
27 462
458 386
261 336
215 106
331 177
161 266
449 154
135 375
4 3
232 108
377 53
369 248
114 40
394 61
243 248
456 143
142 388
80 472
43 177
38 442
73 85
154 227
177 374
412 318
367 438
119 356
300 370
498 494
191 484
34 10
483 480
216 252
338 67
256 278
409 378
322 48
249 205
250 67
155 320
431 139
353 278
171 429
292 419
56 475
11 341
175 146
427 203
39 460
167 16
310 29
308 253
301 492
332 258
408 272
409 55
68 445
434 99
375 419
116 273
316 413
260 176
87 278
298 269
312 218
250 9
180 254
21 434
182 120
379 201
83 442
99 484
198 338
132 430
224 445
323 30
425 300
201 36
306 225
180 80
159 347
489 259
306 309
70 234
130 29
311 241
366 322
315 96
262 146
196 340
339 71
499 98
437 182
408 91
356 140
36 160
479 408
395 126
30 35
353 135
462 310
362 240
154 490
69 45
278 419
272 268
166 279
84 7
255 432
92 134
269 318
277 170
192 20
150 143
153 267
334 467
465 389
62 497
393 313
126 487
347 433
440 231
351 395
221 8
27 74
477 72
56 224
317 79
451 181
223 457
344 362
296 229
69 48
69 402
18 77
301 110
214 264
347 375
267 470
356 98
29 305
5 494
287 257
314 269
19 150
70 329
275 248
289 5
417 73
170 130
145 161
416 174
160 436
200 450
415 237
283 440
47 436
267 258
500 164
151 91
55 273
286 253
394 441
365 329
55 458
436 433
355 494
231 387
454 55
182 475
198 34
385 148
495 406
169 405
69 86
277 204
119 389
371 9
296 454
395 478
78 335
318 426
442 274
486 288
72 293
203 95
87 145
354 194
176 260
249 496
66 277
303 348
481 473
285 214
308 88
139 292
63 287
131 194
438 403
72 255
80 31
296 386
500 245
197 25
228 294
346 320
345 52
270 174
183 124
352 414
416 336
417 457
92 233
380 340
322 55
166 427
164 442
459 432
299 8
363 102
406 318
495 72
283 205
272 295
32 492
254 183
192 38
437 288
384 128
348 225
447 134
327 355
268 128
248 307
409 62
142 73
98 249
439 53
54 63
71 444
449 80
24 374
171 232
317 362
264 46
145 333
76 448
164 30
321 399
214 351
311 201
195 106
475 211
227 124
347 192
268 376
280 49
413 379
367 3
381 236
302 275
398 6
453 142
315 79
371 287
334 460
227 199
102 382
121 319
141 467
181 368
176 397
387 59
255 2
66 238
157 372
151 27
115 100
259 367
163 403
486 379
244 224
476 254
67 411
398 406
423 54
255 347
215 201
276 120
211 80
271 475
402 252
137 279
249 334
494 392
495 423
57 158
368 13
58 311
80 121
44 144
173 289
119 271
88 62
277 450
451 493
366 99
44 167
226 315
320 163
399 400
431 443
150 270
276 239
473 17
22 306
111 80
243 388
264 347
444 148
82 243
172 290
189 71
187 426
369 386
381 185
374 381
350 364
441 256
208 350
479 184
323 48
59 64
196 68
430 22
84 91
416 91
59 130
182 183
461 279
320 461
485 65
121 40
191 494
382 63
264 8
145 100
293 210
354 263
465 161
10 192
224 150
298 447
281 477
30 195
193 24
191 426
182 171
385 297
479 261
0 230
143 42
132 305
183 14
485 102
330 392
366 341
419 30
107 228
447 243
478 456
181 137
15 204
372 105
101 250
40 418
329 150
368 162
99 261
493 338
63 87
57 345
148 398
400 186
491 486
152 171
69 431
143 25
342 462
283 60
80 324
130 5
67 394
255 405
207 272
286 55
12 394
53 34
419 166
124 442
76 96
119 150
436 264
205 49
332 390
492 109
346 31
459 395
22 273
233 493
76 319
430 217
348 488
323 5
403 119
456 100
7 49
343 172
254 495
89 281
428 186
470 114
198 106
12 216
477 7
296 347
180 357
71 256
383 427
207 401
195 53
385 33
207 310
25 386
152 9
42 113
447 77
53 213
291 315
78 276
207 492
388 220
177 381
472 12
49 459
274 67
343 124
481 128
58 494
278 132
457 218
161 322
472 344
474 383
370 230
8 93
437 366
286 140
272 136
240 330
324 468
330 442
307 416
407 251
191 219
119 0
246 184
236 38
187 359
13 9
171 205
346 70
163 273
167 319
257 354
23 268
289 200
292 418
492 162
285 459
363 78
266 113
21 446
147 76
326 207
153 79
397 343
393 280
338 352
399 399
454 420
317 204
449 279
182 75
132 19
392 61
484 387
370 273
426 378
408 354
347 276
211 180
354 333
28 449
225 492
444 119
268 405
336 83
250 19
290 1
216 494
35 113
483 251
189 123
319 386
135 136
353 65
110 494
156 469
394 304
119 417
442 400
125 484
5 311
8 347
212 138
269 38
459 190
4 162
219 417
95 296
122 137
484 485
269 22
35 286
262 327
252 252
233 328
159 396
86 141
82 308
93 227
467 197
63 309
43 459
372 169
493 149
98 70
184 77
470 116
365 47
327 476
318 360
122 64
33 42
204 346
424 78
422 404
58 99
43 305
15 52
438 69
249 466
42 85
495 52
185 152
57 31
144 408
304 45
268 452
92 46
497 66
257 410
24 100
220 451
479 462
217 392
190 197
270 282
202 414
116 398
292 187
341 348
342 391
238 215
482 88
276 306
172 174
104 224
440 418
477 148
204 96
236 436
308 457
68 371
254 154
252 374
346 312
135 257
355 395
304 15
379 90
359 310
309 21
197 255
223 122
324 43
114 492
259 253
151 233
418 248
395 145
418 193
354 415
428 69
444 345
57 43
140 266
334 303
170 114
290 404
216 34
427 269
385 415
59 307
92 260
464 85
443 170
131 230
471 428
284 58
322 81
282 28
435 324
148 491
150 284
64 402
73 488
452 336
325 253
357 472
96 423
89 5
292 93
457 275
90 390
97 257
112 263
455 440
398 422
428 144
408 264
150 331
175 225
136 57
205 241
366 303
229 33
145 90
415 316
334 195
362 360
464 36
309 271
57 367
346 360
204 27
316 395
473 428
312 237
200 387
456 205
354 273
432 464
81 303
232 86
10 124
152 218
12 223
63 142
138 142
495 92
123 257
496 211
310 3
378 203
377 214
113 347
76 433
490 120
377 263
136 193
137 198
82 347
94 203
421 157
255 410
483 487
86 252
1 178
311 119
324 86
308 278
245 376
374 178
292 65
199 90
39 202
19 130
207 348
50 491
213 154
322 231
441 10
120 160
377 399
140 217
213 427
373 391
295 306
241 402
126 153
150 304
456 441
51 69
130 487
463 10
11 417
431 295
192 120
376 232
48 194
433 19
283 247
71 231
216 494
491 478
328 159
327 463
341 30
290 415
369 145
179 413
38 194
10 69
187 482
225 162
131 343
224 177
421 138
221 436
438 44
406 239
165 347
236 433
400 234
210 73
136 292
122 47
48 290
33 39
237 343
481 220
153 22
134 323
259 25
255 260
72 402
163 99
335 54
29 18
280 105
134 395
21 58
139 69
40 127
190 201
223 46
191 420
283 383
269 361
10 292
10 16
479 160
181 216
373 355
1 434
398 40
163 301
317 359
442 395
233 345
274 213
257 395
459 194
491 455
139 370
176 278
401 446
400 338
454 215
207 212
285 239
365 313
276 384
391 225
409 177
4 226
361 186
457 487
165 471
319 274
244 203
435 359
294 412
209 381
350 97
74 98
326 322
358 482
453 336
155 295
406 117
120 99
476 204
428 472
202 319
437 125
145 456
230 288
261 322
183 123
156 327
293 199
354 220
301 384
260 113
199 288
232 371
77 66
475 230
79 493
129 386
341 496
345 159
146 397
172 464
252 164
118 195
469 203
420 4
249 65
223 357
331 134
45 51
416 354
387 66
470 441
51 441
432 321
260 396
0 325
463 377
191 479
445 143
220 118
326 140
288 396
78 18
300 103
307 21
60 258
119 98
51 75
256 85
46 68
391 21
212 399
286 468
40 105
370 43
89 412
379 374
266 308
87 426
362 239
60 498
171 406
437 10
378 264
69 90
440 413
331 309
170 341
327 23
259 269
323 440
374 479
92 407
119 107
9 418
96 430
330 149
266 204
96 35
295 398
19 328
442 492
221 136
181 313
171 447
216 66
34 265
67 111
463 79
449 491
452 60
419 235
438 251
60 456
352 399
240 86
261 294
395 391
426 209
137 271
39 272
55 283
28 58
271 336
335 383
468 45
1 311
50 330
228 193
17 402
458 369
260 462
482 274
239 262
488 207
269 397
434 156
264 306
45 221
325 44
458 468
132 363
445 336
100 248
445 150
365 500
221 74
162 206
227 207
70 152
8 273
200 280
158 360
137 282
83 405
247 54
202 234
300 51
453 311
413 139
488 125
420 308
347 160
336 398
266 182
432 58
95 390
286 83
294 56
173 84
462 445
383 264
157 243
373 23
120 319
251 113
86 473
18 450
282 266
31 249
349 351
98 108
213 480
248 97
129 416
122 22
377 493
264 115
185 201
476 166
361 486
407 333
214 2
426 392
417 383
441 467
158 216
70 315
236 149
47 459
400 303
500 485
196 345
230 453
286 304
363 108
389 5
147 474
299 256
236 398
176 204
264 459
79 109
252 165
254 175
123 355
346 62
424 225
248 297
28 361
303 25
19 425
287 183
18 409
433 350
339 376
145 383
97 77
396 176
73 352
70 245
96 311
36 409
113 82
402 467
71 253
327 403
88 233
337 495
261 128
320 26
160 462
353 72
154 7
170 229
477 235
203 441
362 337
197 494
344 233
362 500
169 284
61 351
104 105
406 201
427 342
72 138
371 411
133 31
449 398
252 165
149 61
110 128
21 476
59 39
122 291
244 141
167 314
295 271
431 435
236 276
96 385
408 351
419 454
267 330
146 32
483 159
259 35
418 191
289 289
182 224
125 292
68 157
338 45
70 138
154 275
258 430
309 487
478 383
98 442
258 489
351 398
33 247
361 411
292 483
471 418
39 393
442 453
432 114
222 86
91 381
172 14
22 290
14 240
113 385
202 138
379 142
24 87
129 431
457 221
253 395
259 412
461 115
212 441
264 129
58 439
6 429
181 293
166 373
368 382
212 201
399 207
241 64
467 173
2 444
496 257
296 192
150 71
443 224
203 336
496 331
226 353
324 465
123 130
245 415
436 378
237 435
218 307
23 143
422 453
219 327
178 268
395 386
40 306
287 326
277 286
487 423
403 57
204 298
260 314
153 186
269 163
353 348
145 261
198 370
466 192
258 13
387 416
493 119
468 291
492 177
64 185
109 350
18 427
349 482
371 46
401 199
390 280
214 145
146 143
266 293
106 305
443 94
359 185
388 354
42 417
277 209
155 223
353 307
132 221
439 7
297 139
32 459
170 429
183 251
69 349
105 80
107 444
82 448
422 215
441 290
289 493
178 286
18 150
245 239
168 402
193 418
61 10
99 150
119 61
29 470
467 255
187 343
292 37
152 384
313 143
22 134
139 246
493 152
11 303
169 95
498 110
321 451
250 263
208 494
347 390
112 356
29 355
332 395
43 204
225 45
466 68
429 402
71 487
414 49
315 196
283 75
388 30
406 468
470 208
285 95
280 434
131 440
336 88
41 291
219 37
284 289
210 459
180 234
399 88
153 230
285 287
271 304
428 130
328 13
71 371
59 222
429 81
343 189
429 81
356 415
20 47
434 33
484 194
7 60
128 189
401 14
59 24
387 210
425 488
115 276
190 102
68 494
129 466
143 259
171 394
32 125
134 371
290 140
14 24
111 357
18 477
125 262
99 265
420 4
344 129
95 324
250 455
419 34
278 19
369 13
129 56
152 13
266 37
176 438
149 126
69 426
467 217
449 298
120 140
91 341
127 83
35 147
173 459
368 200
285 131
70 330
470 266
197 430
104 228
370 181
201 69
307 400
46 455
458 309
87 55
230 146
388 86
138 308
49 313
173 55
144 434
18 372
438 272
36 109
90 7
380 71
293 288
100 206
324 244
202 269
379 417
32 262
403 46
45 190
70 348
276 66
291 420
256 187
131 415
267 149
326 365
51 180
460 121
450 242
55 381
7 398
273 257
17 336
139 406
167 356
368 404
42 354
171 331
48 148
150 392
368 257
261 388
86 490
124 340
212 102
105 140
97 192
220 49
86 455
21 18
224 250
273 364
210 330
450 29
494 482
491 17
275 397
226 81
361 499
140 114
128 364
226 435
324 401
357 300
326 16
80 217
308 394
39 76
401 122
29 91
323 432
233 113
217 14
103 257
313 357
450 366
195 0
194 369
459 70
329 106
285 230
431 103
245 316
179 105
308 304
306 447
160 299
236 316
438 395
86 473
270 334
76 63
426 326
425 359
316 192
73 309
279 392
386 178
448 316
259 73
481 350
228 121
39 494
108 214
336 382
432 448
495 181
78 2
495 66
268 63
155 415
86 198
317 51
106 159
267 289
308 441
331 265
354 338
85 499
72 157
133 13
34 235
135 422
386 454
452 35
322 451
206 485
265 10
219 471
258 395
328 101
413 182
434 153
279 38
54 32
319 140
313 411
190 462
220 216
83 52
433 372
334 129
377 315
110 31
313 126
282 240
352 144
496 175
106 499
459 116
54 428
293 361
451 184
443 416
17 116
456 174
409 7
203 93
391 267
105 181
216 363
50 15
406 311
469 284
247 461
233 26
229 284
192 320
204 436
257 163
421 405
299 404
301 338
277 38
336 319
431 215
281 358
389 363
366 432
237 169
47 229
397 115
70 464
145 253
229 177
19 164
442 435
128 154
280 49
195 265
176 110
249 434
365 351
22 413
81 296
18 107
116 196
73 339
420 116
129 337
268 292
377 106
192 222
124 298
95 165
396 56
293 254
496 232
145 449
152 24
26 118
338 500
252 119
285 9
85 241
496 286
333 417
154 275
45 479
175 148
430 392
98 420
354 489
224 150
228 323
430 305
59 118
201 412
273 73
34 11
94 443
242 302
442 72
474 225
358 326
428 76
127 86
431 81
334 326
64 156
414 176
195 195
68 453
189 313
432 26
350 68
112 58
491 143
414 207
112 78
222 338
381 466
401 208
414 264
210 444
61 459
298 378
306 168
427 252
127 326
285 490
199 200
166 396
413 119
411 287
281 486
256 221
233 477
268 186
353 280
47 394
225 339
62 182
433 37
227 27
89 259
245 103
390 19
403 96
109 77
283 355
285 445
419 425
215 236
401 347
498 496
150 456
115 431
496 19
164 336
271 65
51 287
452 455
274 452
111 176
486 499
281 328
462 435
325 181
356 355
248 219
85 158
455 308
293 480
237 354
419 46
180 278
449 439
182 113
142 433
48 436
214 259
360 147
293 24
377 231
212 0
225 327
217 185
252 167
161 82
48 50
144 330
312 458
297 152
352 459
91 200
52 91
159 211
392 3
466 153
348 355
295 90
441 471
205 119
458 211
118 211
307 28
383 37
484 377
330 93
173 142
479 348
441 335
127 39
153 145
386 49
475 259
335 233
181 255
195 126
500 12
284 186
281 264
76 271
380 216
18 312
426 262
301 265
6 14
57 422
17 65
498 70
259 412
27 231
221 4
221 346
67 382
368 4
482 409
6 303
265 333
236 267
274 418
298 358
86 46
478 407
464 281
467 298
141 78
173 252
187 96
75 464
53 331
164 163
316 183
475 366
93 487
369 201
228 87
80 459
287 7
98 365
21 263
245 446
270 311
270 434
102 115
223 8
53 333
102 353
126 68
19 232
315 132
403 482
499 113
485 372
96 34
289 475
484 428
152 388
65 493
458 254
274 26
68 131
194 315
319 303
180 459
291 52
231 441
403 378
429 185
223 327
55 468
11 191
483 249
56 430
80 495
492 298
63 218
25 475
127 330
382 28
373 469
376 159
191 214
351 199
500 413
321 167
279 271
37 105
285 287
293 313
73 477
288 272
224 400
390 26
456 232
263 310
475 128
295 315
327 320
428 141
69 82
93 486
2 273
114 496
395 143
303 93
397 247
403 494
453 474
451 272
19 82
435 143
405 444
22 36
357 410
81 488
289 77
494 121
406 440
195 315
450 458
115 362
456 418
142 239
280 304
61 88
269 345
378 269
153 145
267 19
378 95
28 486
293 189
210 221
66 399
68 60
251 59
253 121
473 488
236 56
384 403
405 24
101 246
219 368
409 28
377 362
132 458
390 277
112 268
415 152
71 268
347 79
390 388
461 41
55 364
45 71
68 356
88 499
383 253
469 203
348 307
427 190
100 464
160 479
249 308
155 28
218 128
48 313
460 299
180 310
133 378
59 338
425 56
242 247
458 271
443 496
236 240
169 220
59 48
388 94
433 406
480 386
64 82
409 228
43 114
160 236
468 84
24 305
101 74
20 89
129 283
226 261
423 392
203 469
43 403
35 241
499 146
215 22
77 11
309 212
473 284
101 492
474 308
162 348
208 178
429 162
132 435
417 400
80 227
446 238
165 276
55 43
244 185
289 281
160 465
258 288
292 221
46 169
183 5
299 485
195 291
18 212
415 93
288 491
449 372
279 122
75 54
82 47
350 151
407 359
423 38
369 314
147 338
95 274
300 362
306 447
428 125
35 446
75 175
160 91
59 382
22 174
0 485
241 471
422 460
409 296
466 26
330 404
403 426
93 194
219 22
28 231
91 359
370 253
132 144
413 80
184 444
88 330
117 55
418 0
307 473
229 104
421 24
325 399
113 42
45 48
435 167
249 229
331 259
27 409
296 472
60 411
25 96
112 231
256 453
167 17
424 40
269 359
471 496
203 157
99 374
118 209
431 102
244 261
466 164
224 329
194 459
93 60
441 412
77 323
283 97
458 262
328 498
202 160
72 206
90 418
234 196
499 455
104 18
209 171
198 250
275 500
57 102
22 115
310 233
168 275
403 298
25 469
463 177
360 33
14 441
280 213
159 232
470 168
491 194
130 439
185 107
96 401
230 160
380 47
344 250
452 417
384 285
138 297
80 120
339 154
474 342
348 93
215 451
422 354
134 57
398 180
400 36
427 37
141 466
64 81
38 453
170 127
464 147
266 289
295 251
110 489
473 83
260 244
45 244
273 262
265 257
411 242
13 60
110 282
96 449
192 340
142 90
265 452
171 275
183 494
230 372
479 40
348 446
45 410
170 411
464 419
488 35
383 171
454 132
326 446
89 136
247 464
431 294
51 199
174 206
246 255
466 362
260 31
321 220
308 172
68 278
277 497
350 244
279 391
168 147
249 164
189 273
54 81
281 245
440 288
110 221
247 259
463 328
357 286
369 107
186 404
258 83
5 479
197 395
52 62
102 102
38 321
301 174
343 453
366 307
123 194
363 218
46 49
101 490
450 339
466 233
228 306
417 302
399 132
261 213
66 287
273 286
179 241
343 69
401 483
401 350
384 212
145 390
71 167
403 158
248 350
134 388
187 165
31 279
171 357
469 382
376 332
198 87
360 367
411 19
438 14
402 332
132 62
277 450
75 281
50 426
477 308
356 412
84 356
175 318
409 257
175 334
145 311
327 151
465 484
193 137
19 171
28 355
496 65
363 488
367 379
441 386
232 253
244 62
237 386
424 230
316 262
45 246
188 422
463 386
113 433
500 480
468 443
235 26
180 119
156 319
91 4
114 366
43 442
338 394
424 98
427 84
372 239
403 230
216 2
278 57
221 248
275 336
386 428
378 406
115 445
90 213
217 220
137 167
479 353
450 484
192 418
456 268
278 411
438 99
69 323
229 210
405 423
312 114
197 255
128 237
386 380
303 31
478 198
232 485
197 330
148 303
480 129
439 362
464 131
46 180
291 9
303 294
314 115
481 431
389 129
359 237
398 404
217 199
347 2
460 198
279 311
164 451
284 297
369 63
128 219
275 412
264 366
119 498
296 318
458 193
448 133
405 458
238 283
79 406
476 222
130 420
275 160
191 17
319 152
117 488
111 472
125 155
423 408
157 213
146 368
92 216
211 338
183 68
397 105
376 351
306 488
361 139
183 63
323 323
347 246
287 85
354 382
416 333
86 347
353 179
412 228
478 494
452 287
350 201
110 127
61 296
467 182
14 313
137 144
484 371
227 110
490 248
4 393
177 452
300 82
299 358
4 376
118 13
312 464
127 378
362 39
499 332
31 1
21 482
232 200
466 12
242 367
299 151
440 226
226 137
324 263
207 466
34 62
24 337
307 312
423 334
432 238
163 411
194 119
36 360
171 98
399 376
366 108
149 482
86 52
124 141
313 151
106 452
371 50
196 156
134 488
179 9
405 347
363 359
375 238
449 100
317 167
400 107
95 385
130 400
280 405
455 4
90 29
53 113
202 347
237 362
44 177
55 83
300 354
326 419
35 126
403 338
175 331
182 29
365 398
108 403
81 299
434 490
39 337
14 234
245 231
277 93
416 75
334 70
100 279
193 395
318 67
16 28
83 194
77 77
135 48
171 363
385 373
71 272
124 346
296 302
338 39
250 310
88 140
444 279
425 130
333 115
224 47
495 438
411 203
317 317
468 283
33 20
294 26
198 257
429 72
206 3
423 484
352 232
221 480
239 226
139 135
98 239
256 136
119 316
381 91
429 308
226 370
212 90
175 118
107 298
42 190
9 309
467 438
172 427
26 230
0 227
85 261
473 493
426 467
89 253
254 1
220 384
2 297
241 369
121 164
274 204
145 107
281 329
333 279
449 480
339 454
66 236
227 367
474 491
8 232
422 270
184 255
121 82
337 287
127 91
242 196
263 437
335 57
412 263
483 120
267 303
219 197
114 378
213 78
166 202
10 430
299 256
328 63
23 225
455 344
359 303
275 182
480 91
488 304
99 110
432 113
298 201
295 387
320 459
479 388
311 45
150 229
308 364
4 472
433 64
485 70
371 406
226 175
318 421
229 431
231 375
32 77
220 332
109 303
73 215
435 234
12 68
27 368
361 235
239 429
236 73
424 99
420 449
285 277
439 177
397 238
374 52
336 219
485 59
382 300
86 57
132 322
112 56
494 245
50 289
460 108
146 278
476 238
353 122
224 327
389 419
47 395
52 120
80 345
39 280
150 71
307 472
382 476
373 253
196 259
117 269
154 266
64 68
91 497
325 142
256 298
13 452
466 160
178 150
200 38
442 444
164 415
353 243
34 343
271 492
414 433
190 360
428 264
175 8
247 43
183 499
46 203
84 377
256 426
232 445
27 479
142 377
407 365
397 431
422 101
402 429
0 440
118 241
473 420
207 179
337 158
134 291
397 284
181 246
226 172
175 336
257 56
183 364
47 335
355 161
408 385
341 223
38 297
426 233
388 131
14 470
276 361
160 325
369 430
249 181
284 448
316 103
123 140
32 456
421 34
276 112
408 113
302 92
499 181
273 12
325 305
84 439
360 483
25 456
214 432
91 148
219 207
59 112
447 499
112 486
181 170
406 474
269 135
395 372
431 491
233 52
166 115
400 351
319 48
99 296
54 430
27 134
209 333
121 426
248 78
87 401
453 319
359 227
14 389
318 448
223 489
5 28
130 209
61 119
100 465
68 177
47 74
130 169
307 204
437 21
392 466
425 496
326 248
63 400
87 248
89 498
226 54
473 251
192 291
486 226
302 142
396 381
119 140
89 465
99 18
20 274
376 438
444 380
309 183
476 366
484 495
152 4
326 25
106 214
486 402
284 41
125 197
8 218
422 63
38 466
284 295
75 488
377 446
146 324
291 332
307 10
109 266
100 337
163 490
168 198
482 169
2 359
289 30
215 109
88 249
493 194
207 167
49 254
237 480
208 282
436 357
8 498
45 286
282 188
184 203
396 97
108 41
159 100
135 306
9 36
465 258
198 391
164 131
134 93
299 327
114 267
193 277
245 318
467 308
403 4
445 221
221 57
17 423
117 471
286 289
271 294
86 494
351 484
437 448
304 261
64 266
30 292
173 18
446 189
493 231
243 340
211 331
315 78
3 467
118 99
474 476
81 286
80 277
30 494
163 88
232 77
147 468
384 125
374 484
419 265
26 12
458 115
108 415
391 398
68 438
492 487
433 264
322 140
308 337
20 396
445 484
160 153
253 154
478 76
112 7
69 264
98 464
441 197
299 91
62 341
74 443
19 51
164 144
389 362
345 228
75 75
56 165
191 393
56 365
171 100
164 285
203 318
294 396
119 188
185 12
112 160
199 372
436 448
115 96
115 3
185 370
206 221
274 444
36 79
198 103
70 317
443 179
372 414
327 466
448 330
391 69
488 175
136 320
16 420
404 350
276 357
224 49
371 246
406 143
278 187
119 316
79 421
47 177
490 454
462 275
464 164
441 284
415 365
71 474
277 35
383 443
421 483
439 88
98 271
404 145
0 58
293 88
394 140
381 214
292 459
166 483
23 408
103 367
277 258
475 229
377 34
152 81
491 94
350 212
177 482
142 363
409 345
326 87
162 334
0 221
339 66
449 205
171 172
95 438
330 146
428 176
310 462
158 355
214 126
384 240
235 69
183 193
406 488
276 499
343 248
362 156
87 38
61 480
451 143
493 382
217 59
120 361
150 260
3 384
250 161
420 168
243 94
451 77
451 420
399 82
22 350
388 414
216 106
227 254
167 141
428 23
378 313
72 182
311 110
331 222
323 410
99 324
306 340
328 388
500 196
441 41
31 312
255 68
366 22
206 209
145 481
365 487
172 186
397 151
318 49
139 311
233 181
342 157
371 217
231 221
96 312
188 191
6 452
137 50
180 251
42 281
417 466
317 350
197 355
0 499
190 332
437 354
108 381
199 347
273 76
245 153
18 85
265 440
332 65
247 454
229 180
434 182
150 186
117 369
476 387
114 114
200 478
401 90
422 475
401 234
386 195
106 246
404 39
14 306
175 300
249 295
28 433
112 344
445 484
25 496
26 282
119 383
183 163
11 398
100 22
114 185
39 440
143 180
488 444
118 62
87 173
325 237
397 491
114 350
173 389
459 432
89 185
177 200
354 409
218 314
282 320
152 138
337 203
443 305
299 3
263 91
416 135
412 431
39 284
172 314
90 360
214 500
217 178
180 282
88 127
114 169
495 431
2 153
458 25
402 307
151 221
485 28
247 190
151 35
248 481
8 127
301 301
18 93
395 267
140 208
466 308
236 426
398 72
55 126
110 488
196 112
36 286
429 212
306 369
253 216
249 342
293 213
450 404
392 74
167 90
151 150
349 412
84 391
407 298
76 421
365 388
469 227
63 100
313 77
427 69
394 167
324 442
186 425
60 299
210 32
150 480
89 491
186 188
134 170
39 165
402 247
448 287
458 43
449 264
368 108
256 74
232 158
234 315
403 12
117 72
262 41
352 3
258 318
312 265
32 481
82 486
352 364
450 6
256 358
230 240
301 432
423 72
440 345
409 281
228 112
163 133
403 333
170 86
268 313
480 234
96 102
60 281
83 260
266 266
412 304
425 495
421 310
268 395
146 260
400 161
432 168
351 371
286 252
79 228
451 115
327 464
368 402
275 339
174 388
220 91
242 239
67 85
68 314
294 435
492 206
70 380
277 317
132 206
448 313
498 125
432 402
422 35
14 394
208 54
438 57
85 330
304 56
129 134
198 432
220 451
477 327
107 101
361 356
332 472
316 46
215 93
262 230
192 72
76 114
300 499
29 472
314 373
118 397
435 210
99 217
465 438
344 402
476 76
99 409
75 228
471 479
210 1
184 310
338 94
313 23
22 157
436 230
307 209
452 124
459 269
287 419
238 194
451 285
121 142
432 305
22 229
472 1
123 339
432 226
187 257
242 357
373 129
437 364
301 9
33 500
398 123
41 435
278 81
141 493
167 67
140 68
437 218
434 164
221 461
118 203
399 28
242 444
120 366
457 220
413 423
420 420
327 238
495 47
87 300
366 434
351 452
123 375
416 480
151 108
80 268
485 494
365 19
255 82
418 360
340 420
420 386
339 123
493 319
190 106
55 207
487 408
38 56
486 467
204 298
40 300
129 373
109 16
392 438
383 273
272 489
229 79
31 88
119 242
341 295
337 92
247 74
171 131
458 402
74 267
484 243
122 305
386 262
102 216
95 171
54 415
267 142
129 277
372 49
443 3
363 443
382 158
319 180
451 395
27 299
248 386
161 241
92 331
117 368
339 411
201 91
440 148
8 276
241 335
130 247
388 400
463 398
249 415
279 382
54 372
190 404
440 97
100 183
484 466
120 348
449 49
68 485
243 145
360 493
195 113
64 184
159 379
107 459
112 23
408 412
413 61
176 156
397 357
454 349
423 194
9 363
65 270
112 419
124 199
237 460
316 500
91 187
392 126
65 282
479 14
331 300
407 286
474 411
244 331
435 156
479 125
79 281
185 492
432 374
435 197
190 90
143 161
410 500
267 419
353 115
105 60
166 450
429 225
387 271
124 497
451 435
107 408
487 121
125 362
162 216
45 84
201 261
272 185
346 362
381 470
97 25
312 118
302 147
135 310
392 69
170 383
188 237
157 102
364 342
278 390
85 56
123 444
373 25
113 7
375 93
123 339
277 88
242 294
328 439
14 287
105 216
103 73
438 165
433 67
441 269
0 333
492 248
66 10
356 195
274 464
149 12
422 53
73 473
293 99
362 442
484 8
126 17
31 202
356 160
17 63
189 290
266 155
194 396
68 135
395 262
260 462
453 427
170 402
485 16
390 62
10 459
171 170
225 468
483 466
337 451
334 500
117 98
84 315
71 1
386 174
462 126
489 198
98 194
459 306
481 485
253 471
45 217
483 61
245 149
405 419
149 475
0 477
336 102
365 441
46 306
411 339
271 443
444 309
180 231
73 171
323 442
309 364
308 199
294 352
238 459
271 104
131 427
269 125
495 23
134 313
265 202
324 296
346 262
236 246
36 494
475 398
82 232
433 293
429 108
113 244
257 341
201 214
311 427
208 102
270 330
219 204
350 337
332 439
414 421
45 196
438 219
36 428
222 7
446 171
126 458
225 485
33 143
469 293
242 328
271 330
333 158
333 236
303 198
434 474
252 388
457 223
273 219
212 395
259 492
55 45
122 444
273 231
332 21
311 44
11 149
137 0
201 491
229 460
402 489
403 492
129 181
81 153
191 464
67 81
346 434
341 44
26 122
495 383
149 192
302 402
445 434
436 98
264 432
361 339
20 146
473 176
134 158
492 191
328 338
215 120
288 11
334 213
483 11
33 124
155 155
80 237
324 107
236 196
351 482
391 461
414 65
496 186
106 79
318 450
5 194
382 407
21 104
196 429
199 195
83 399
445 152
332 71
426 101
298 377
456 157
20 110
438 463
247 257
320 436
429 290
172 294
189 19
425 166
174 300
146 420
436 477
179 371
464 461
467 434
498 476
401 203
118 135
448 219
446 197
407 118
126 398
17 224
110 118
109 260
165 168
306 440
208 14
169 463
267 439
449 312
249 224
481 397
173 66
119 181
72 28
305 411
81 356
118 414
475 10
351 141
426 14
122 491
55 384
27 92
349 355
177 103
461 52
77 83
133 250
192 465
129 411
85 317
30 285
211 60
136 194
377 179
138 464
437 237
345 375
102 139
351 310
296 304
187 157
492 144
87 263
47 78
331 255
492 340
49 5
341 3
466 248
415 309
228 397
73 31
228 483
441 349
135 254
292 489
462 178
143 311
150 480
295 328
181 419
253 324
251 500
452 459
35 132
157 405
478 386
366 189
146 402
474 42
210 476
59 413
100 381
201 346
461 57
313 454
350 217
281 257
384 127
461 464
218 296
234 90
379 70
403 380
357 180
54 2
184 385
232 299
251 184
419 459
367 13
438 324
148 326
319 436
282 62
95 394
445 485
44 32
442 377
0 205
427 424
490 9
16 73
423 247
3 138
271 11
138 444
12 496
479 316
165 304
242 104
453 138
125 359
90 107
54 405
416 96
179 116
364 212
320 409
334 446
426 460
252 160
215 459
41 127
67 204
467 473
220 0
405 475
186 293
453 307
51 458
359 249
468 485
238 74
423 471
205 182
343 48
88 322
278 406
320 295
390 292
164 277
275 8
142 251
322 93
294 55
403 6
59 89
234 318
322 214
357 123
201 184
65 352
27 29
495 364
223 173
468 194
470 363
223 298
92 410
113 121
346 330
311 45
290 230
93 58
290 227
29 172
488 128
482 386
296 15
340 29
126 280
377 12
397 369
11 60
304 372
28 205
411 113
32 488
276 365
330 237
186 9
251 452
181 276
129 117
46 318
246 112
208 356
2 401
447 142
59 313
346 474
10 116
351 485
35 80
17 500
19 431
278 139
46 106
150 389
158 121
99 439
470 338
247 350
43 99
24 400
466 423
62 475
66 262
312 353
319 140
276 33
481 170
289 288
19 300
79 461
346 165
363 395
97 213
389 413
147 385
212 93
493 350
424 276
288 279
154 286
355 339
13 9
109 164
365 423
467 14
181 78
116 123
233 224
478 27
461 53
375 80
332 276
152 205
494 231
69 12
452 106
207 5
251 276
427 427
246 380
399 358
232 133
15 53
456 387
288 242
493 13
470 401
156 359
268 237
23 459
273 114
233 108
37 170
491 140
391 338
432 33
210 18
376 255
98 262
233 231
462 166
281 289
150 469
285 386
123 451
284 232
296 350
125 28
253 219
137 183
305 208
105 37
387 270
25 186
227 430
3 244
428 279
281 260
116 427
341 184
372 358
3 396
93 106
474 157
88 425
481 125
373 28
357 480
226 380
246 203
60 196
139 291
12 31
277 395
437 239
294 275
138 336
381 141
349 308
7 222
410 222
482 241
416 397
386 246
70 318
403 427
407 0
354 395
133 265
413 107
287 489
483 437
257 488
45 336
406 149
295 336
39 79
468 52
228 9
46 151
298 200
32 181
352 360
358 337
334 171
198 187
453 250
456 44
125 405
192 393
458 173
473 151
101 304
79 89
243 42
333 47
79 170
221 87
276 7
198 310
175 159
346 299
494 43
89 336
160 464
369 313
265 48
166 21
440 366
224 175
395 86
121 365
31 333
374 403
167 229
253 305
87 54
327 248
216 436
77 487
131 163
202 368
143 185
443 140
492 413
490 432
286 67
284 432
399 34
228 445
492 288
376 440
198 381
430 454
271 328
1 345
90 159
11 215
256 243
394 199
342 440
248 25
269 219
434 248
114 94
3 466
465 331
299 238
326 218
354 309
350 93
331 215
477 78
7 7
321 408
22 410
336 445
202 274
173 394
349 394
387 450
96 56
35 429
427 248
186 257
78 188
338 410
7 179
340 16
462 407
446 53
17 120
77 228
88 487
303 274
75 218
458 258
333 183
126 16
33 457
332 187
66 212
370 65
251 394
176 103
197 181
39 399
346 489
496 454
367 79
257 497
317 137
393 395
101 124
16 123
320 326
81 294
170 105
97 21
41 466
101 226
16 224
303 292
3 280
223 481
4 207
191 343
251 110
464 322
391 266
499 286
342 472
184 368
42 282
142 429
60 259
363 377
7 471
146 18
54 199
1 102
401 189
84 304
416 307
479 201
0 498
356 413
292 11
210 17
491 211
88 330
250 94
118 156
145 146
115 43
394 312
422 236
198 136
304 350
285 4
424 294
423 159
418 409
423 33
430 178
252 3
445 404
380 469
335 317
305 245
53 108
331 459
310 271
211 424
417 274
227 162
111 304
85 267
1 113
356 386
263 249
340 132
452 196
8 364
262 262
212 240
433 327
7 360
311 103
209 360
432 10
321 122
462 242
303 165
74 338
270 47
314 376
390 46
390 447
204 400
175 264
105 123
490 347
105 118
318 33
395 444
331 216
411 183
125 489
440 57
331 58
111 285
25 165
202 441
290 155
69 253
128 121
379 480
435 141
387 323
122 453
212 173
279 172
498 358
439 10
7 74
382 454
50 204
446 450
465 303
30 388
98 241
464 435
114 390
122 273
489 48
389 183
248 154
341 116
259 303
133 199
145 55
105 61
106 354
284 146
55 447
367 378
162 357
443 312
491 121
431 173
496 432
435 175
270 451
409 385
306 349
230 361
345 476
24 204
186 402
31 472
15 77
169 462
249 366
78 167
226 281
406 295
137 128
435 168
151 38
223 362
160 308
166 107
332 183
89 346
102 204
22 271
458 128
414 157
47 435
354 492
347 390
98 463
112 439
329 163
303 60
65 37
103 289
201 337
405 211
398 160
378 121
465 458
116 392
100 355
16 110
437 78
317 427
220 380
298 454
115 340
10 323
303 110
415 265
278 473
353 436
84 415
94 410
479 58
408 260
161 30
318 168
305 28
33 333
220 333
431 258
380 333
310 318
472 5
47 467
21 179
347 466
325 437
108 335
250 262
228 392
473 44
481 138
410 467
151 452
277 460
75 336
367 482
55 375
128 115
349 401
346 379
121 442
378 121
477 14
390 385
243 119
399 13
313 373
325 52
493 57
391 130
335 102
397 339
470 278
329 109
88 52
284 201
6 157
478 460
251 466
140 403
175 304
253 121
392 42
417 425
464 395
458 430
311 80
240 177
276 14
212 97
461 154
284 39
360 22
480 349
258 284
91 215
108 317
114 78
396 446
335 398
79 88
258 337
84 350
475 268
237 138
498 30
344 329
90 311
348 64
221 244
145 330
320 265
116 434
478 27
253 93
490 160
326 145
315 456
97 29
422 234
87 378
442 404
343 484
440 249
342 295
115 339
288 302
202 85
474 440
26 149
268 207
407 191
181 141
379 432
362 291
120 227
467 342
120 32
136 362
477 479
186 145
391 3
223 187
396 314
298 5
401 384
309 226
252 162
343 445
315 431
161 67
25 454
334 360
425 488
168 428
262 488
250 282
186 316
449 117
72 439
402 236
189 200
392 362
281 365
484 455
212 272
361 189
308 418
119 310
366 180
370 92
396 151
188 368
449 58
361 41
169 382
48 301
472 80
258 76
499 22
135 190
134 366
155 89
112 314
121 73
72 185
165 23
126 460
137 279
228 462
154 160
144 119
324 140
190 292
429 262
340 26
253 194
404 384
18 484
56 321
398 133
126 367
445 426
416 410
183 350
306 105
247 27
326 372
196 104
456 272
389 160
294 424
169 180
392 220
405 495
65 281
266 78
305 412
228 180
116 289
349 316
131 64
481 245
435 148
500 205
40 59
134 25
430 473
229 259
93 406
30 235
413 261
311 304
216 218
351 213
83 432
205 411
62 43
329 301
331 189
234 33
127 388
220 96
46 298
15 28
330 178
231 203
86 47
382 479
215 352
9 429
295 228
427 80
185 198
426 237
123 10
120 315
242 74
326 468
31 46
120 143
176 433
227 106
280 394
139 126
467 381
447 499
224 370
75 404
378 354
93 149
6 392
164 466
247 27
63 136
99 178
296 194
471 290
8 414
450 393
466 418
200 281
275 121
120 322
10 207
195 101
206 65
105 470
468 456
169 263
337 394
192 278
265 187
420 349
479 246
372 414
183 431
202 492
76 264
384 233
198 492
159 118
252 185
47 123
259 375
171 474
337 255
223 82
15 157
281 482
460 296
69 494
459 337
353 404
163 479
109 491
296 80
288 387
114 475
284 405
424 374
82 279
36 181
303 22
284 275
192 253
287 91
456 290
105 471
479 379
34 303
245 482
108 274
3 157
165 428
385 23
328 219
252 283
237 356
53 354
282 310
475 416
4 287
168 301
146 106
83 65
170 391
374 363
147 352
2 135
414 436
360 144
208 294
245 276
168 73
224 59
321 99
289 443
474 420
388 105
150 446
145 116
199 58
1 500
497 101
337 487
449 212
374 278
479 103
227 57
286 445
44 146
222 314
352 215
229 16
210 437
22 365
327 426
157 389
293 233
305 311
148 276
23 136
440 458
38 191
406 197
194 79
90 391
81 145
358 363
207 385
481 5
325 144
496 199
495 400
96 354
33 6
180 433
233 46
300 438
461 10
3 286
474 60
99 265
357 358
280 198
115 202
0 45
61 397
376 213
35 235
295 442
34 444
328 218
98 129
83 343
51 375
62 11
262 369
84 289
312 125
309 434
257 39
132 46
191 379
90 271
485 14
166 283
110 416
179 20
139 44
219 227
167 121
266 295
256 435
490 52
299 272
25 57
42 331
319 452
498 461
454 259
201 470
249 66
247 257
50 146
49 240
268 392
391 438
264 191
206 360
91 171
163 430
479 285
237 423
423 341
179 234
481 156
428 152
93 480
54 370
148 69
183 294
68 203
18 364
139 30
229 262
426 383
449 462
0 252
305 248
83 111
221 114
0 420
277 54
493 462
246 228
141 457
275 54
387 301
77 165
197 257
416 10
407 48
71 200
496 8
122 363
465 402
471 367
121 156
416 126
143 412
297 328
377 437
130 480
261 259
88 234
200 150
481 183
388 267
233 252
68 307
183 27
184 14
393 370
249 102
20 49
405 3
198 455
0 236
79 93
279 34
41 268
51 353
297 219
38 6
211 379
167 51
425 431
126 8
427 284
173 379
367 93
110 479
19 69
306 299
59 91
403 244
246 357
373 152
239 81
340 38
282 168
315 132
224 363
158 373
287 217
192 297
322 269
106 186
327 353
92 72
372 369
40 319
350 29
37 104
328 19
196 346
449 209
71 350
165 179
426 87
362 440
162 287
337 210
139 247
338 106
81 366
464 494
481 331
441 131
50 389
232 52
273 152
219 318
235 378
466 392
394 206
304 22
161 182
395 36
255 395
371 269
97 326
112 27
25 130
214 459
354 149
316 468
87 437
215 442
458 29
360 321
235 130
237 275
321 152
342 493
21 420
460 296
488 110
299 459
441 251
50 499
179 90
288 157
403 229
94 470
131 352
203 56
412 60
186 282
362 279
464 481
111 489
354 252
329 293
338 134
284 89
402 31
265 397
453 409
220 233
495 17
286 391
348 39
137 357
428 474
58 322
227 153
441 488
288 491
154 62
176 481
46 279
436 287
305 433
401 342
386 343
59 158
469 295
288 324
268 369
242 47
117 118
291 269
412 121
200 292
440 473
13 395
456 268
156 55
170 272
15 463
389 433
266 237
334 241
328 227
461 396
432 404
279 75
417 405
399 76
359 337
10 220
202 409
222 62
282 231
323 472
107 228
118 263
128 66
65 17
140 368
321 115
337 206
177 424
224 298
74 127
31 198
343 270
179 199
2 153
312 178
65 431
225 109
95 163
469 307
367 66
498 8
26 400
182 422
56 86
467 339
441 487
408 245
489 137
323 20
223 235
105 372
61 475
222 330
288 408
199 426
323 419
313 413
235 103
111 189
347 316
321 322
251 92
173 283
327 158
236 416
213 348
19 434
348 304
220 2
230 362
112 204
488 58
23 155
212 103
242 292
456 496
425 338
131 163
488 500
96 17
33 313
168 398
248 72
96 437
482 162
18 62
333 481
429 209
59 300
1 224
422 132
179 17
448 371
273 388
324 112
335 345
82 406
128 367
466 63
174 85
364 176
279 468
490 325
75 391
197 499
458 81
256 58
358 146
464 173
308 87
282 338
190 117
16 240
414 396
467 415
312 119
150 468
18 69
416 123
363 215
69 109
42 14
41 408
221 445
369 171
272 144
473 181
321 148
140 121
369 361
37 320
413 264
322 421
54 20
301 321
284 8
39 123
306 235
452 377
429 324
32 222
163 484
8 328
4 26
393 404
455 133
107 384
180 365
137 181
145 499
372 274
301 107
161 161
191 460
283 68
71 106
245 455
476 248
321 479
236 408
357 176
75 481
426 278
414 300
288 273
215 147
368 403
371 363
365 156
376 319
449 39
389 46
52 172
313 268
196 322
129 357
254 185
43 130
63 238
298 86
428 330
381 139
344 235
496 338
113 179
385 279
123 472
452 161
272 341
81 383
382 186
476 154
320 151
96 242
352 61
269 459
191 396
150 446
148 328
142 100
214 462
144 338
276 102
0 495
375 128
52 480
38 279
282 343
456 22
268 378
19 345
165 132
136 418
257 26
187 98
157 228
397 196
317 196
124 217
358 165
371 127
375 315
232 280
148 234
169 174
291 254
475 57
165 333
170 399
499 376
206 97
295 401
442 294
115 54
145 326
245 59
329 138
299 72
67 373
63 302
223 492
138 203
146 477
59 186
482 135
423 149
121 429
451 128
13 194
85 70
403 411
478 225
384 466
43 86
54 5
126 383
66 464
418 52
254 225
474 27
222 338
419 238
442 119
141 253
41 245
497 126
243 463
94 366
294 178
408 244
484 316
305 342
385 268
147 329
224 93
389 137
26 390
361 191
425 177
433 214
399 19
291 346
278 187
51 200
143 465
245 281
68 201
126 155
290 471
265 84
211 195
120 330
372 363
54 124
257 342
85 140
421 444
159 337
460 77
274 156
46 384
276 1
399 500
230 134
82 186
414 299
282 300
231 242
80 241
62 337
144 216
479 367
490 56
63 243
407 4
56 136
308 88
425 470
276 481
349 423
403 448
95 356
451 467
331 394
453 116
149 224
221 307
397 185
344 402
17 64
323 377
6 186
329 430
247 123
446 133
244 89
263 174
468 436
76 116
438 181
258 85
242 277
338 113
388 378
283 490
212 331
269 313
322 58
389 354
442 368
418 209
38 256
18 350
149 382
182 51
125 145
409 216
87 55
500 26
172 252
100 149
399 420
493 228
290 84
159 316
429 341
58 391
115 484
444 412
233 34
458 42
33 154
461 321
281 259
489 29
106 227
135 381
147 102
180 253
22 246
15 267
82 447
195 424
340 324
2 156
95 284
242 207
489 8
160 449
477 270
228 15
437 135
356 443
288 173
432 252
266 399
414 427
92 487
188 119
185 99
500 372
41 196
153 409
47 3
401 13
199 179
178 489
348 480
401 377
306 52
279 367
268 135
108 420
278 58
225 300
352 275
163 302
455 159
150 385
157 166
211 480
400 192
275 213
425 291
153 170
407 362
89 479
52 437
450 285
321 442
187 355
268 134
464 405
212 473
15 278
220 55
416 226
105 285
12 264
281 348
454 254
135 214
345 238
165 277
64 167
32 245
256 324
328 149
96 418
332 196
393 189
259 457
207 466
61 139
348 301
368 58
22 253
210 489
0 194
125 76
437 447
92 112
243 242
291 414
428 331
500 33
373 196
68 476
167 313
110 209
239 178
17 126
157 277
164 208
300 420
98 114
130 302
392 237
273 319
120 278
385 168
457 241
401 269
383 259
462 463
241 339
320 219
19 324
456 146
254 465
148 423
449 295
380 37
216 448
204 105
496 462
164 383
434 166
485 272
250 286
287 395
119 222
23 93
437 39
66 227
350 221
196 448
128 411
325 336
199 119
60 424
70 37
318 144
336 289
383 44
463 484
437 268
217 230
52 255
53 1
57 375
254 178
182 369
114 67
309 194
369 85
228 127
439 143
73 271
145 341
168 64
75 370
137 5
325 400
307 197
339 259
352 46
380 113
263 446
211 264
113 190
491 219
379 94
235 44
112 92
358 301
91 315
431 440
58 471
220 487
386 267
434 447
350 382
351 283
306 310
82 199
220 331
111 41
382 90
175 142
459 234
305 83
189 229
429 34
435 444
73 460
28 389
225 214
212 212
350 387
32 402
243 117
173 305
53 251
133 403
132 359
369 75
266 173
368 259
378 211
151 106
242 31
7 64
382 23
401 88
380 451
11 133
461 471
381 3
316 333
209 346
339 437
338 127
130 28
162 236
349 18
247 123
464 346
243 487
237 216
17 43
74 141
320 381
93 408
311 484
471 211
231 103
9 451
360 370
282 374
434 33
26 485
152 76
197 404
359 313
91 136
470 500
32 350
485 183
120 467
213 185
391 20
233 471
466 2
171 388
254 182
495 365
437 108
456 28
373 72
299 333
380 70
279 27
8 147
400 81
262 373
315 165
394 448
266 484
118 247
97 465
383 257
51 421
371 249
114 386
211 484
435 14
17 420
89 219
109 368
95 414
415 151
342 367
420 448
247 193
389 337
129 478
41 257
193 238
32 18
50 485
127 231
171 186
211 25
409 435
283 99
239 319
241 242
406 86
205 48
338 156
47 438
31 384
169 350
203 133
226 67
45 223
110 423
240 116
395 339
149 457
496 49
385 354
89 481
338 348
263 175
55 417
486 275
224 453
226 103
258 397
355 469
28 428
484 386
320 244
203 43
156 294
189 122
496 303
144 421
236 352
82 448
245 421
111 10
470 195
332 431
445 121
410 274
485 50
437 240
4 424
410 490
500 408
324 60
239 487
36 362
446 45
174 388
149 28
129 212
151 129
339 18
10 403
179 439
147 75
72 148
191 4
68 371
5 444
211 96
410 341
496 73
205 112
266 76
431 447
358 432
359 302
253 212
52 269
143 112
194 18
133 467
486 349
426 298
230 434
254 78
272 279
381 272
24 207
317 67
32 332
462 411
429 161
265 30
80 89
287 325
371 317
276 200
7 491
138 482
410 326
12 259
444 53
236 39
54 294
423 460
208 279
208 431
63 26
4 190
126 274
364 297
131 18
0 114
232 132
264 463
303 353
485 240
398 379
96 44
497 163
304 56
384 312
377 275
190 323
347 174
328 490
209 346
405 327
71 357
218 163
207 190
151 323
401 435
160 238
131 149
385 44
123 212
486 167
259 380
75 438
17 407
134 399
398 477
350 101
116 212
302 191
274 300
485 338
358 242
424 129
380 58
43 409
194 178
265 126
155 305
85 195
174 364
480 362
88 295
219 164
8 142
217 390
409 432
314 356
372 416
192 440
0 63
489 45
142 311
295 302
163 126
304 345
142 163
361 202
33 244
23 327
333 401
83 2
280 23
417 361
31 371
113 481
163 73
196 361
0 415
260 268
498 312
99 380
301 70
262 422
169 188
278 201
321 148
307 179
84 428
23 131
303 436
219 268
75 428
101 285
270 356
201 274
426 143
114 253
348 400
488 207
182 112
396 423
146 451
422 449
142 497
257 499
152 343
193 238
47 118
397 215
177 185
376 186
179 176
469 337
345 88
137 29
459 64
22 12
400 226
232 309
51 367
225 361
228 72
401 487
94 26
277 151
437 185
199 114
305 41
407 70
66 257
187 148
246 307
432 430
120 350
327 334
228 372
87 330
361 114
92 390
188 237
394 351
150 184
176 76
308 253
377 155
459 116
194 214
49 165
492 246
266 406
374 142
479 476
301 78
215 298
31 92
223 86
351 139
30 349
104 53
349 264
215 106
332 295
129 112
325 147
473 375
74 187
206 11
381 71
396 288
355 188
117 324
443 255
180 70
122 126
339 239
93 376
66 400
436 216
31 218
282 71
1 114
11 384
26 410
307 48
479 387
185 249
203 443
10 180
430 463
273 192
304 112
206 211
381 324
4 348
26 280
189 295
480 358
80 287
167 366
69 291
275 145
173 332
384 362
327 218
376 174
344 316
381 392
390 35
231 308
217 327
104 203
271 289
490 461
13 59
377 185
49 150
220 203
126 417
416 493
462 8
392 154
295 442
258 266
101 212
2 473
49 211
128 112
424 177
471 306
55 162
496 182
270 235
26 161
166 319
38 440
374 289
131 304
145 133
465 300
115 336
86 5
439 397
98 397
272 482
171 464
181 196
29 342
169 469
289 376
89 339
482 341
466 219
92 400
57 313
206 156
99 109
32 385
181 494
385 453
221 392
209 326
245 132
383 405
430 402
126 249
3 260
408 405
27 95
358 225
470 372
150 24
369 76
173 440
445 259
229 474
361 395
221 331
321 433
153 30
370 335
316 476
499 108
456 212
400 164
182 204
312 430
146 223
65 40
164 304
246 402
58 428
486 438
98 476
120 461
320 53
366 158
230 299
65 215
425 11
433 462
48 222
277 369
357 399
258 406
207 47
469 106
279 422
232 257
73 102
15 166
274 168
312 298
434 255
259 377
99 348
370 439
348 374
119 128
500 449
361 37
57 395
331 397
490 348
241 270
102 244
79 308
394 166
194 339
103 27
145 368
469 85
333 137
320 233
423 289
208 330
204 425
365 178
311 29
450 260
175 500
492 376
159 237
49 132
332 208
12 472
322 146
317 497
74 397
327 41
243 242
226 444
372 248
318 391
144 230
274 15
489 364
491 268
88 64
343 439
64 382
136 432
394 185
449 187
31 441
492 487
176 494
187 418
247 291
103 452
381 153
8 40
183 482
310 227
485 295
75 368
301 353
240 157
294 418
384 415
362 454
369 468
18 137
347 332
61 277
213 176
129 294
59 232
156 118
273 43
442 211
260 349
1 213
324 227
48 339
495 314
82 303
170 278
240 100
304 254
399 137
18 158
126 99
479 383
130 20
161 290
448 429
295 273
57 57
176 484
406 257
61 294
398 17
31 298
12 6
77 281
36 34
309 15
111 467
131 337
165 148
119 468
394 190
16 250
181 346
212 382
29 89
121 375
219 83
131 79
467 81
221 126
250 216
219 410
107 402
267 449
495 12
148 238
319 241
498 498
310 85
433 283
194 397
32 35
86 140
17 191
151 210
4 132
236 173
353 117
34 213
324 94
177 243
16 487
132 349
174 225
84 260
240 90
408 379
55 379
399 325
98 197
216 292
323 267
236 215
215 52
98 61
200 158
79 210
397 224
437 303
141 311
400 179
379 29
133 221
496 339
499 161
120 50
61 260
400 270
198 107
163 165
140 304
89 366
245 274
232 11
240 60
93 213
343 278
147 171
25 29
459 372
108 179
7 213
193 62
278 32
61 335
414 254
372 300
378 138
457 312
336 179
220 71
3 42
294 395
259 335
9 8
15 4
176 301
84 272
227 6
206 20
436 451
390 137
384 199
290 99
296 212
71 478
146 392
205 190
420 125
36 153
237 165
299 409
377 372
9 500
50 209
117 55
463 171
102 179
61 299
390 380
425 410
423 72
374 111
337 64
143 326
363 152
282 85
215 468
417 483
56 127
74 117
361 292
174 294
291 323
69 491
232 148
151 482
303 115
86 85
92 426
416 81
70 411
2 418
417 251
230 120
212 302
250 286
420 9
340 180
332 359
481 339
405 22
446 418
127 62
314 243
209 21
12 322
162 441
177 339
184 57
172 446
97 155
383 157
481 446
312 495
67 214
290 228
370 85
131 71
468 6
292 260
404 379
207 85
370 133
316 217
181 275
416 133
46 494
496 108
195 174
339 165
149 345
3 484
320 358
382 60
241 246
293 380
61 86
349 383
458 354
427 235
10 17
485 3
499 468
466 310
83 405
317 316
374 214
434 368
408 404
467 308
276 496
224 435
263 202
475 494
99 209
58 326
167 15
220 201
39 320
393 481
299 284
385 141
354 244
78 490
274 500
40 160
49 123
283 325
472 67
128 0
420 64
150 332
192 160
131 490
305 221
415 258
105 64
114 139
79 484
407 65
427 293
352 74
316 45
137 485
254 299
395 409
32 455
353 346
498 62
199 9
88 463
110 462
391 313
290 95
68 334
194 331
282 472
241 466
144 56
210 43
224 196
261 6
319 10
85 384
0 352
306 460
416 448
90 363
406 84
115 446
500 147
121 61
50 108
380 6
315 189
223 223
372 382
105 236
117 92
94 482
471 150
232 303
26 494
336 212
7 6
209 451
43 168
164 42
188 119
324 223
356 228
223 18
181 230
169 483
292 213
450 39
477 428
449 107
126 231
306 294
0 96
179 50
472 156
98 441
53 60
5 389
44 177
270 321
342 472
29 50
309 121
57 440
373 198
417 358
259 164
120 244
244 352
145 498
349 188
49 87
236 317
300 372
236 34
8 69
156 265
322 39
253 296
445 178
305 279
283 472
191 473
441 248
42 327
31 120
256 193
405 15
154 260
126 412
263 143
208 333
407 388
61 28
29 473
114 499
201 325
81 73
376 239
237 290
14 222
325 177
159 275
22 275
265 80
435 97
4 372
274 140
18 70
9 210
465 284
358 451
55 230
317 483
31 333
199 375
44 39
106 391
236 9
122 225
209 0
91 149
457 185
178 405
8 50
493 465
169 307
292 187
157 182
111 302
295 262
490 93
219 49
411 193
366 129
103 104
239 305
321 218
497 441
283 313
235 421
184 289
459 185
170 198
262 203
453 431
452 228
328 445
340 202
303 421
165 162
68 79
17 466
39 313
38 382
371 415
192 415
152 286
439 46
319 56
215 267
213 82
127 5
243 454
395 74
270 7
118 310
256 165
380 118
406 492
103 384
373 116
248 111
250 128
232 372
125 150
219 489
280 170
97 227
24 85
82 196
13 336
152 481
388 200
24 199
204 20
75 220
140 124
399 46
23 183
184 227
308 428
302 28
442 318
477 68
382 5
179 95
213 491
285 51
7 215
77 92
374 457
26 188
466 283
219 483
335 273
335 354
86 61
422 156
384 190
304 339
186 420
275 391
119 313
54 218
413 443
49 365
163 185
225 475
126 44
70 245
322 393
492 329
319 463
160 272
316 295
486 236
184 180
249 444
295 163
312 62
244 215
67 303
215 12
141 258
412 116
333 103
433 336
200 37
149 388
75 302
300 273
176 365
310 84
210 102
84 111
154 245
228 155
27 308
228 25
495 137
225 418
230 7
173 139
186 87
186 271
282 122
64 127
481 258
142 479
117 187
490 324
191 334
371 50
353 275
245 261
138 348
256 193
470 94
483 460
229 36
102 446
20 496
374 67
490 347
238 304
151 110
95 139
482 140
435 186
57 357
241 217
115 278
26 103
296 434
252 124
51 430
374 77
425 223
433 27
266 67
212 147
162 242
376 355
456 378
115 322
48 94
211 24
163 409
467 329
466 233
439 61
67 257
407 225
458 196
486 364
442 380
352 388
176 416
166 159
94 373
54 127
296 243
198 422
243 97
222 341
11 370
107 495
302 224
263 140
302 112
464 424
331 124
143 264
290 247
223 337
255 193
192 219
491 37
379 78
131 27
298 351
108 356
474 231
120 265
206 484
76 55
411 290
68 80
403 382
371 269
293 194
362 386
322 402
485 250
9 416
453 413
7 172
330 69
445 82
172 371
378 30
193 417
261 246
260 372
272 6
33 54
367 209
113 331
32 344
86 167
126 21
349 191
238 438
323 35
63 13
15 181
243 474
438 120
201 8
154 135
425 102
26 485
33 206
451 120
368 72
43 138
180 378
8 486
383 80
26 13
174 383
253 252
140 148
142 345
306 477
25 18
458 468
395 71
449 473
153 460
83 264
402 15
455 374
273 447
164 1
414 54
188 276
210 108
147 265
266 288
154 177
126 41
165 184
359 303
235 62
180 314
464 258
416 431
372 265
343 195
354 125
229 256
84 380
152 262
214 109
166 450
181 455
47 68
328 380
472 172
81 372
202 343
207 67
429 20
256 350
103 163
274 82
380 249
121 96
48 337
326 249
180 107
263 340
388 107
195 196
325 500
400 173
166 296
193 149
17 176
456 304
307 371
187 270
8 1
155 319
304 253
88 402
224 467
2 33
52 7
221 166
196 53
357 340
156 384
401 254
157 223
102 22
480 160
47 426
232 37
291 152
483 246
407 213
195 469
128 252
424 372
230 426
242 203
206 79
237 393
383 289
30 438
36 406
75 250
483 342
369 500
480 366
131 167
258 421
188 197
255 156
90 216
455 413
154 129
61 304
86 223
379 288
120 93
243 159
285 214
405 366
64 472
284 92
71 189
8 384
449 183
149 266
256 76
283 270
242 4
324 494
303 209
448 431
133 447
38 333
446 480
190 91
118 185
110 467
127 49
5 372
431 158
498 473
452 441
338 124
199 203
189 348
329 442
10 143
138 274
268 10
238 138
127 27
352 283
346 239
480 305
381 265
354 166
486 79
355 363
446 130
62 141
382 128
274 197
322 265
415 84
282 122
63 205
402 311
291 60
107 181
381 100
479 174
66 471
265 40
365 16
371 478
26 30
99 26
296 50
465 277
16 309
96 291
260 407
217 485
354 231
481 104
283 151
197 439
396 117
426 306
340 29
275 65
409 46
375 85
133 104
6 83
244 332
496 188
177 415
447 313
215 361
10 413
479 59
363 5
357 48
168 420
471 441
125 119
74 231
500 189
375 25
345 483
343 154
351 279
391 253
407 351
150 403
480 493
200 105
294 248
79 213
452 251
481 419
127 451
33 59
83 55
298 193
401 127
436 466
305 460
308 156
324 154
246 184
46 475
20 266
287 21
38 44
41 373
35 221
486 479
463 294
247 177
92 374
277 357
449 248
138 438
193 177
393 331
371 236
53 453
483 202
459 115
449 62
458 415
168 97
123 253
89 7
15 190
280 443
63 428
86 168
161 159
76 202
358 188
79 135
344 8
75 163
423 257
83 384
108 452
204 409
362 162
5 60
179 361
376 452
479 443
268 489
171 456
328 262
257 446
3 306
150 500
176 187
454 174
174 37
265 475
240 410
450 324
33 329
321 400
43 448
226 419
494 306
56 293
110 408
139 298
104 36
180 30
351 487
280 334
15 127
349 266
397 168
99 4
190 455
54 59
396 266
475 89
396 205
137 89
53 74
312 445
341 49
27 248
197 231
9 281
158 236
59 197
446 467
377 100
360 248
65 292
62 175
66 345
274 222
362 441
78 467
1 314
445 137
24 316
481 490
403 372
296 3
105 49
352 147
292 466
320 50
209 371
266 303
441 192
146 343
246 139
315 46
210 322
420 56
406 300
237 500
329 126
136 402
277 118
443 193
104 90
455 203
209 369
462 153
145 272
235 266
24 228
123 423
234 96
468 259
2 436
367 39
409 441
99 136
21 27
60 34
315 349
179 22
426 160
432 189
170 237
264 284
69 334
38 360
255 196
345 44
348 50
144 304
298 317
107 244
403 317
182 87
239 287
8 400
349 135
273 70
21 131
363 451
22 389
6 277
4 95
272 209
480 327
464 450
87 301
146 92
161 309
434 367
489 232
93 69
398 4
84 128
56 388
479 225
66 351
157 174
320 140
49 482
415 142
33 231
384 188
23 274
88 437
227 263
434 490
243 406
475 164
348 373
268 435
210 74
387 75
346 361
325 138
64 247
382 99
355 127
71 200
226 229
347 242
251 246
392 272
300 255
37 484
32 49
448 181
153 390
243 155
224 497
458 423
374 276
287 137
185 412
289 194
475 185
442 469
153 496
46 7
173 419
244 219
335 113
103 167
140 263
312 54
90 406
15 468
222 57
395 2
297 240
162 166
481 91
44 431
251 47
241 39
368 283
56 131
355 493
328 494
84 407
235 258
488 82
471 480
327 315
158 109
90 274
195 315
374 66
366 171
412 475
377 130
389 210
470 201
475 407
221 96
361 28
484 483
24 256
172 485
363 274
366 136
337 11
339 229
213 295
489 314
149 189
201 177
323 338
51 167
129 174
334 161
294 387
234 310
344 125
208 45
458 286
259 16
328 461
408 359
473 458
4 442
247 74
13 209
40 284
367 262
440 257
50 60
294 125
222 324
350 444
471 23
224 456
35 181
389 343
428 339
150 466
193 239
361 256
56 318
157 473
484 164
139 414
117 78
493 206
133 489
454 94
331 299
434 162
54 57
497 288
319 467
125 174
470 287
369 118
367 38
231 113
486 286
265 113
192 275
8 79
44 203
131 439
498 323
282 222
256 408
38 40
386 192
472 342
167 199
66 194
212 437
459 384
348 77
379 241
423 455
26 213
140 447
81 468
438 416
279 22
161 437
400 180
66 368
68 467
285 98
45 388
198 475
411 42
252 151
482 338
204 260
247 239
444 244
97 77
195 259
317 116
10 114
82 17
318 500
265 130
87 56
460 273
144 434
478 138
495 365
106 54
404 373
221 52
202 404
100 283
9 151
84 443
109 4
403 259
457 109
428 8
99 355
360 344
389 84
31 14
377 364
342 278
130 410
356 123
299 110
73 309
167 284
210 73
359 500
249 67
270 207
302 259
294 245
469 224
405 18
495 103
366 340
272 474
455 359
376 21
268 412
242 295
201 424
391 257
198 154
401 324
334 257
394 185
42 81
63 377
134 142
234 378
113 105
451 486
454 173
248 325
286 18
291 365
491 334
80 434
494 137
369 22
481 4
207 466
249 319
277 286
318 446
368 357
73 181
155 450
12 296
190 310
359 59
276 382
298 226
332 347
279 115
171 98
296 3
82 214
229 68
157 203
287 130
225 121
58 91
476 52
272 343
292 363
377 9
439 434
299 174
114 215
193 321
235 318
205 463
76 417
395 68
71 404
333 254
359 173
304 435
55 246
213 332
100 358
317 29
332 430
166 309
266 64
58 77
492 67
255 254
228 224
179 491
146 495
207 273
149 313
350 307
272 282
168 178
474 26
380 112
432 254
115 257
25 307
27 164
130 319
190 98
478 344
247 314
490 33
260 74
348 436
58 448
476 299
25 149
252 481
351 143
112 413
122 418
314 284
396 75
424 262
24 426
88 373
130 463
367 80
467 270
78 295
63 371
302 320
97 491
170 379
112 27
224 33
206 214
365 27
140 241
392 174
41 117
333 17
228 11
24 191
106 305
241 467
259 485
98 228
168 320
340 245
421 57
208 442
93 437
463 32
134 260
185 391
102 322
454 387
468 24
388 82
208 334
32 75
164 420
237 248
340 420
324 190
31 121
240 317
461 400
99 289
76 129
179 457
304 148
26 353
339 131
152 299
248 165
125 376
45 119
176 94
387 70
186 385
315 198
265 445
181 381
344 197
339 164
183 277
340 157
163 236
147 412
97 124
324 344
234 430
108 422
18 429
492 155
21 55
346 147
291 121
340 381
379 34
145 203
159 99
232 242
279 153
416 385
274 225
285 395
187 9
105 46
350 292
73 499
273 322
329 382
202 63
130 273
271 407
131 373
56 171
103 153
118 277
297 166
367 249
479 162
197 236
484 5
415 165
371 382
418 454
127 3
54 362
212 183
129 234
37 226
234 231
19 292
319 449
378 94
391 82
82 35
437 373
119 173
179 302
378 394
10 54
16 456
321 73
286 457
245 72
387 469
497 97
341 322
154 166
287 401
82 77
113 179
84 229
22 64
138 298
284 448
415 89
490 382
330 169
459 346
296 71
404 13
371 169
297 144
293 434
31 175
409 314
416 222
437 484
382 90
200 62
173 260
499 363
63 99
277 425
291 375
126 288
142 179
133 255
131 344
472 201
498 223
438 162
58 30
206 14
219 306
265 263
467 366
97 296
153 148
422 375
243 374
407 60
474 481
328 462
382 240
135 324
430 384
415 489
300 42
255 32
154 147
367 235
115 5
201 433
364 249
229 152
251 178
401 25
464 313
267 129
69 147
230 464
321 277
385 79
353 60
374 93
278 136
190 414
355 3
397 368
284 472
6 427
357 479
415 102
304 17
397 124
481 463
107 269
82 384
335 283
497 171
61 466
493 462
345 363
413 428
375 175
287 429
42 69
136 435
130 64
273 343
466 101
439 204
115 358
219 145
95 486
11 404
69 247
373 106
177 52
375 130
146 315
350 39
54 413
36 214
376 61
192 250
172 154
314 174
299 77
119 11
394 324
302 483
35 132
397 70
395 148
401 286
416 419
370 332
141 106
339 356
204 133
404 110
435 363
284 31
435 165
97 209
77 282
169 339
264 175
425 225
340 188
470 78
133 477
267 371
441 384
430 360
223 198
15 143
426 201
313 113
62 349
69 387
405 204
228 289
59 75
55 80
450 222
46 437
206 364
4 251
317 328
221 452
212 29
254 291
43 456
392 93
282 463
403 374
169 453
455 442
487 2
228 129
406 106
308 314
296 342
458 357
182 286
176 230
51 429
366 447
118 375
135 71
103 292
291 113
311 192
329 337
252 196
53 142
325 435
104 413
295 355
398 399
176 64
31 134
227 317
223 238
147 312
367 273
80 354
48 301
487 163
45 461
355 82
10 341
326 436
314 337
430 289
59 291
12 286
308 337
443 321
340 119
354 354
316 293
18 431
491 52
112 184
108 229
319 450
267 198
42 303
410 293
237 187
182 301
37 30
300 461
454 129
224 173
453 210
270 248
383 403
103 209
102 43
461 357
151 287
285 310
299 495
81 424
267 163
149 454
350 451
36 206
316 401
426 310
446 270
47 410
91 236
309 233
309 313
438 124
479 449
466 499
355 214
488 262
500 421
233 49
220 101
368 247
171 267
267 19
202 490
317 117
303 72
283 188
328 6
169 329
174 235
338 182
469 348
131 312
73 328
76 138
148 229
119 5
227 9
320 62
240 424
309 175
60 243
347 143
378 383
414 361
117 481
293 4
113 434
97 419
196 144
297 281
421 207
126 386
18 305
14 379
9 250
77 391
266 311
267 491
57 359
201 401
173 151
218 136
116 404
479 435
282 90
68 340
412 422
340 177
278 64
443 292
441 367
192 378
399 249
496 121
351 238
459 35
169 261
476 67
50 53
257 300
487 395
468 497
99 20
399 142
365 162
285 180
5 0
430 475
52 112
337 460
205 160
474 283
494 9
2 388
54 436
390 197
3 115
94 236
451 359
307 124
466 415
92 88
357 36
87 329
48 333
218 413
434 445
63 465
174 21
31 355
138 279
209 330
441 15
342 145
194 458
182 403
236 229
407 297
486 158
233 281
461 135
157 275
164 174
310 418
484 62
180 373
388 119
365 145
456 128
257 187
151 81
251 235
352 434
30 259
58 437
86 295
113 46
448 165
135 149
175 103
241 280
487 6
309 368
141 14
172 99
493 44
94 12
52 260
411 364
417 33
287 344
270 261
37 416
203 474
282 427
374 442
19 420
268 48
175 383
371 166
437 363
466 151
281 482
82 385
490 257
485 311
15 211
421 148
236 165
339 121
417 79
439 415
47 95
499 461
354 388
375 500
269 41
1 468
462 468
11 181
349 257
140 262
417 354
73 365
349 370
306 341
134 27
183 421
181 253
302 71
71 327
418 346
27 274
122 446
426 366
207 100
168 452
326 91
443 8
326 490
286 180
380 397
163 252
287 42
318 273
437 124
74 54
139 477
415 263
271 253
267 459
284 57
281 485
278 381
56 475
63 469
166 335
202 69
396 98
378 475
487 222
302 343
349 426
381 64
163 424
199 323
413 57
56 273
142 229
444 109
260 379
356 435
414 225
25 359
56 324
496 489
266 22
364 280
27 345
296 125
142 1
213 491
214 433
326 337
432 467
135 69
139 498
390 267
169 234
38 237
0 132
246 392
87 204
18 78
215 482
317 254
430 172
204 311
168 238
39 347
218 37
203 265
406 145
401 95
13 163
176 315
366 249
258 450
83 151
240 270
79 218
170 471
343 338
352 78
347 244
484 346
302 210
295 238
35 124
308 500
423 422
40 386
441 184
295 6
385 135
223 177
350 26
417 148
264 332
455 15
350 116
283 417
121 18
123 370
91 131
431 493
372 32
170 63
296 41
149 331
425 59
213 327
488 486
62 380
153 237
324 321
458 427
344 95
270 85
452 95
158 198
405 355
113 16
210 3
433 5
477 124
319 59
433 1
487 440
327 462
353 441
144 337
49 130
230 154
69 444
474 404
7 242
220 180
14 433
145 119
174 134
402 202
250 406
444 89
370 344
375 412
106 251
264 359
392 484
343 208
24 399
265 17
364 308
414 154
461 354
160 141
129 143
37 366
404 216
371 146
415 165
324 494
331 64
169 319
433 96
355 353
40 336
193 479
458 70
470 61
369 409
265 101
74 480
119 256
387 151
292 231
203 184
342 413
197 303
500 264
369 270
397 202
450 171
491 199
232 293
380 206
131 340
62 271
472 380
380 131
210 269
448 312
445 405
114 321
348 266
240 437
251 458
384 324
109 383
405 57
253 248
205 123
485 105
94 380
434 61
437 359
129 274
292 363
201 196
403 75
40 381
386 88
226 157
430 381
368 117
157 374
113 494
358 241
125 401
424 312
394 363
48 301
251 480
75 335
203 104
219 413
345 98
253 333
268 110
441 489
461 410
31 207
425 351
401 127
258 74
478 229
151 333
475 446
135 56
285 41
452 435
191 292
410 211
247 382
125 181
366 124
157 455
461 299
265 191
161 332
496 111
486 15
359 90
308 121
184 156
409 361
318 457
4 33
72 128
386 164
182 364
14 25
187 384
55 447
359 80
355 288
193 217
208 500
192 5
5 352
27 195
45 126
398 295
87 461
345 465
95 121
30 369
176 439
71 97
374 116
270 175
270 217
165 300
72 308
71 235
390 99
99 6
62 63
241 434
455 464
477 212
271 335
372 59
494 500
235 156
27 96
176 312
328 494
28 161
369 153
275 322
236 162
397 193
203 330
289 359
469 253
206 419
124 283
368 137
183 28
339 398
316 162
155 167
447 292
13 293
237 477
316 452
122 154
295 14
349 134
441 451
376 432
473 380
361 298
371 142
3 307
87 66
279 79
447 399
351 57
327 397
445 2
394 192
357 281
414 476
186 63
426 294
242 12
406 384
411 220
426 205
238 389
299 59
218 388
86 338
103 354
20 397
267 443
2 182
180 213
32 368
478 425
488 18
203 52
126 277
3 252
139 409
422 340
134 326
245 126
407 289
239 227
445 78
445 434
266 343
273 13
333 166
66 355
124 299
148 4
76 488
107 424
243 222
241 276
272 250
440 482
342 386
300 406
484 418
303 93
265 394
218 201
467 31
355 78
329 414
411 44
497 53
327 423
495 424
3 119
27 47
176 488
320 163
375 181
367 399
215 120
235 23
497 376
458 96
289 480
243 102
279 213
83 460
470 413
234 426
19 290
21 168
457 279
190 390
280 369
359 242
227 428
285 162
409 121
498 216
357 89
251 349
202 313
446 220
256 167
311 67
375 490
13 64
309 58
190 447
310 219
88 308
311 7
94 83
344 476
54 124
151 120
262 56
317 464
27 143
26 125
214 222
386 413
11 356
486 50
32 351
389 78
205 473
467 52
491 4
19 72
438 421
427 235
238 282
16 297
219 147
69 248
470 77
226 351
183 388
308 379
349 436
248 107
227 277
208 456
49 426
486 276
177 244
62 210
496 206
145 374
363 462
264 320
340 360
9 453
3 274
208 72
454 408
293 126
128 348
400 357
413 432
359 250
274 178
387 314
318 200
231 29
189 88
388 177
264 184
238 388
128 230
143 386
222 113
107 163
193 355
295 104
194 376
109 320
493 353
354 448
420 494
270 138
100 202
168 418
99 376
413 174
173 20
108 27
13 249
406 469
275 352
115 60
110 94
352 305
378 341
328 342
231 367
221 212
458 441
266 180
218 4
383 362
274 425
197 27
155 217
81 264
187 157
463 32
162 14
185 206
363 117
149 133
480 112
191 497
482 56
105 210
4 71
86 293
379 90
296 11
132 471
339 19
412 285
254 144
98 325
236 33
59 485
300 233
186 266
446 154
36 381
183 422
237 128
216 442
15 263
482 120
63 246
249 304
165 402
398 94
318 151
7 263
256 138
387 401
371 435
77 37
103 128
332 298
301 334
138 435
340 418
398 483
375 188
176 327
499 173
57 271
0 117
376 442
308 245
59 424
435 90
315 120
106 216
162 158
431 46
394 127
242 160
310 449
447 281
244 238
442 90
295 357
115 119
272 46
377 298
252 243
34 83
60 417
315 17
221 492
62 207
348 444
175 189
166 271
68 257
483 372
424 447
130 444
274 54
339 424
136 145
26 370
469 381
409 348
265 221
282 143
383 444
415 18
367 66
206 169
297 60
135 230
264 474
379 253
297 488
34 370
190 128
200 32
448 217
408 167
151 454
321 402
6 498
414 117
210 415
303 322
477 50
187 268
252 26
236 467
44 439
145 430
320 448
29 485
250 404
313 75
482 230
333 250
24 412
117 59
393 385
159 178
135 114
464 172
411 78
377 103
13 480
45 11
343 121
16 53
251 421
289 89
34 387
223 156
77 186
209 449
296 169
480 341
66 203
316 188
121 468
239 247
77 461
227 235
163 336
129 130
69 125
87 33
118 49
332 161
43 181
400 115
173 336
31 347
272 264
32 41
218 369
5 311
31 200
0 269
378 248
113 282
145 316
438 127
341 17
235 9
495 44
93 303
200 343
82 191
269 261
223 439
311 75
120 421
301 99
494 435
139 433
464 271
372 427
191 175
390 164
229 153
415 132
44 282
346 60
179 352
408 108
359 140
417 130
353 421
267 378
366 433
199 76
329 330
429 472
263 256
327 18
448 350
484 97
218 274
317 359
256 66
291 410
326 296
362 106
409 329
66 146
393 202
462 385
266 459
204 317
308 463
85 227
52 285
226 4
89 168
427 211
150 268
320 348
383 322
285 41
246 311
445 307
420 146
204 130
100 28
175 432
97 376
32 104
230 84
488 289
152 294
335 426
107 203
18 66
156 150
377 46
279 199
445 271
257 185
212 143
114 387
263 299
144 152
491 372
368 488
259 495
199 266
368 126
482 300
352 173
18 140
10 213
216 349
118 225
281 488
130 473
150 325
406 60
455 256
34 101
419 360
307 427
212 293
405 229
209 164
381 18
25 27
55 326
277 444
182 20
